   0.0000000e+00   1.9791316e-02   9.7448991e-03   8.3921325e-03   1.5914539e-03   2.0918960e-03   0.0000000e+00   1.4354301e-02   1.0200892e-03   2.7453272e-03   3.9866180e-03   5.6338097e-03   7.1490811e-04   0.0000000e+00   0.0000000e+00   1.2128341e-04   0.0000000e+00   0.0000000e+00   6.8790359e-04   0.0000000e+00   0.0000000e+00   0.0000000e+00   0.0000000e+00   0.0000000e+00   0.0000000e+00   0.0000000e+00   4.7733632e-03   4.2519777e-03   0.0000000e+00   0.0000000e+00   0.0000000e+00   0.0000000e+00   0.0000000e+00   0.0000000e+00   0.0000000e+00   0.0000000e+00   0.0000000e+00   0.0000000e+00   0.0000000e+00   0.0000000e+00   0.0000000e+00   0.0000000e+00   0.0000000e+00   0.0000000e+00   0.0000000e+00   0.0000000e+00   6.3557879e-03   5.4076694e-04   3.3994644e-03   0.0000000e+00   0.0000000e+00   0.0000000e+00   0.0000000e+00   0.0000000e+00   0.0000000e+00   0.0000000e+00   0.0000000e+00   0.0000000e+00   0.0000000e+00   0.0000000e+00   0.0000000e+00   0.0000000e+00   2.9299037e-03   0.0000000e+00   7.5706004e-04   8.2504113e-03   0.0000000e+00   0.0000000e+00   1.5976197e-03   0.0000000e+00   0.0000000e+00   0.0000000e+00   2.8189802e-04   3.0338462e-04   1.7181400e-04   0.0000000e+00   0.0000000e+00   0.0000000e+00   0.0000000e+00   0.0000000e+00   0.0000000e+00   0.0000000e+00   1.8665534e-04   2.4414550e-04   7.4845097e-05   1.8270522e-03   0.0000000e+00   0.0000000e+00   0.0000000e+00   0.0000000e+00   0.0000000e+00   0.0000000e+00   0.0000000e+00   0.0000000e+00   0.0000000e+00   0.0000000e+00   0.0000000e+00   0.0000000e+00   0.0000000e+00   0.0000000e+00   0.0000000e+00   0.0000000e+00   0.0000000e+00   0.0000000e+00   0.0000000e+00   0.0000000e+00   0.0000000e+00   0.0000000e+00   0.0000000e+00   0.0000000e+00
   1.9791316e-02   0.0000000e+00   1.1309633e-03   4.0969677e-03   0.0000000e+00   5.4232704e-04   8.1215065e-04   0.0000000e+00   2.6281685e-02   0.0000000e+00   0.0000000e+00   0.0000000e+00   0.0000000e+00   2.9661083e-03   0.0000000e+00   8.3344865e-04   3.8439361e-04   0.0000000e+00   0.0000000e+00   0.0000000e+00   0.0000000e+00   0.0000000e+00   0.0000000e+00   0.0000000e+00   0.0000000e+00   0.0000000e+00   0.0000000e+00   0.0000000e+00   2.4588713e-03   0.0000000e+00   0.0000000e+00   0.0000000e+00   0.0000000e+00   0.0000000e+00   0.0000000e+00   0.0000000e+00   0.0000000e+00   0.0000000e+00   0.0000000e+00   0.0000000e+00   0.0000000e+00   0.0000000e+00   0.0000000e+00   0.0000000e+00   0.0000000e+00   0.0000000e+00   0.0000000e+00   0.0000000e+00   0.0000000e+00   0.0000000e+00   0.0000000e+00   0.0000000e+00   0.0000000e+00   0.0000000e+00   0.0000000e+00   0.0000000e+00   0.0000000e+00   0.0000000e+00   0.0000000e+00   0.0000000e+00   0.0000000e+00   0.0000000e+00   1.8087052e-02   5.1686106e-03   0.0000000e+00   0.0000000e+00   4.2216962e-03   3.2185379e-03   9.1068245e-03   2.9169448e-03   0.0000000e+00   4.0002726e-04   0.0000000e+00   0.0000000e+00   0.0000000e+00   0.0000000e+00   0.0000000e+00   0.0000000e+00   3.2088223e-03   0.0000000e+00   0.0000000e+00   0.0000000e+00   0.0000000e+00   0.0000000e+00   0.0000000e+00   0.0000000e+00   0.0000000e+00   0.0000000e+00   0.0000000e+00   0.0000000e+00   0.0000000e+00   0.0000000e+00   0.0000000e+00   0.0000000e+00   0.0000000e+00   0.0000000e+00   0.0000000e+00   0.0000000e+00   0.0000000e+00   0.0000000e+00   0.0000000e+00   0.0000000e+00   0.0000000e+00   0.0000000e+00   0.0000000e+00   0.0000000e+00   0.0000000e+00   0.0000000e+00   0.0000000e+00   0.0000000e+00
   9.7448991e-03   1.1309633e-03   0.0000000e+00   8.1422282e-03   1.2211104e-03   1.7915219e-03   3.6616345e-03   0.0000000e+00   0.0000000e+00   4.3862368e-04   5.4488256e-04   0.0000000e+00   4.3389737e-04   0.0000000e+00   1.8504033e-03   0.0000000e+00   1.9353343e-03   0.0000000e+00   1.5290768e-03   0.0000000e+00   1.5174722e-04   0.0000000e+00   0.0000000e+00   0.0000000e+00   0.0000000e+00   0.0000000e+00   0.0000000e+00   0.0000000e+00   4.6285148e-03   0.0000000e+00   0.0000000e+00   0.0000000e+00   0.0000000e+00   0.0000000e+00   0.0000000e+00   0.0000000e+00   3.1973891e-04   0.0000000e+00   0.0000000e+00   0.0000000e+00   0.0000000e+00   0.0000000e+00   0.0000000e+00   0.0000000e+00   2.8653962e-03   0.0000000e+00   1.0847088e-03   0.0000000e+00   2.1433317e-03   0.0000000e+00   0.0000000e+00   0.0000000e+00   4.7108198e-04   0.0000000e+00   0.0000000e+00   0.0000000e+00   0.0000000e+00   0.0000000e+00   0.0000000e+00   0.0000000e+00   0.0000000e+00   0.0000000e+00   2.0789731e-02   0.0000000e+00   3.9659826e-04   0.0000000e+00   2.9328260e-03   1.3754606e-03   8.9195432e-03   0.0000000e+00   0.0000000e+00   0.0000000e+00   0.0000000e+00   0.0000000e+00   0.0000000e+00   0.0000000e+00   0.0000000e+00   0.0000000e+00   5.4687081e-03   0.0000000e+00   6.1451162e-04   0.0000000e+00   0.0000000e+00   0.0000000e+00   2.6906192e-04   0.0000000e+00   0.0000000e+00   0.0000000e+00   0.0000000e+00   0.0000000e+00   0.0000000e+00   0.0000000e+00   0.0000000e+00   0.0000000e+00   0.0000000e+00   0.0000000e+00   6.1029403e-04   0.0000000e+00   8.9484323e-03   0.0000000e+00   1.7998207e-03   0.0000000e+00   1.6562190e-03   0.0000000e+00   6.5821524e-04   0.0000000e+00   0.0000000e+00   0.0000000e+00   0.0000000e+00   0.0000000e+00
   8.3921325e-03   4.0969677e-03   8.1422282e-03   0.0000000e+00   2.8810369e-03   0.0000000e+00   4.2035394e-04   0.0000000e+00   0.0000000e+00   0.0000000e+00   0.0000000e+00   0.0000000e+00   0.0000000e+00   0.0000000e+00   4.6725275e-04   0.0000000e+00   0.0000000e+00   0.0000000e+00   2.8449957e-04   0.0000000e+00   0.0000000e+00   0.0000000e+00   0.0000000e+00   0.0000000e+00   0.0000000e+00   0.0000000e+00   1.3111361e-04   0.0000000e+00   0.0000000e+00   0.0000000e+00   0.0000000e+00   0.0000000e+00   0.0000000e+00   0.0000000e+00   0.0000000e+00   0.0000000e+00   0.0000000e+00   0.0000000e+00   0.0000000e+00   0.0000000e+00   0.0000000e+00   0.0000000e+00   0.0000000e+00   0.0000000e+00   0.0000000e+00   0.0000000e+00   3.9467179e-03   0.0000000e+00   7.2051058e-03   0.0000000e+00   0.0000000e+00   0.0000000e+00   3.8851857e-04   0.0000000e+00   0.0000000e+00   0.0000000e+00   0.0000000e+00   0.0000000e+00   0.0000000e+00   0.0000000e+00   0.0000000e+00   0.0000000e+00   1.6236564e-02   0.0000000e+00   0.0000000e+00   0.0000000e+00   0.0000000e+00   0.0000000e+00   4.2470544e-03   0.0000000e+00   0.0000000e+00   0.0000000e+00   0.0000000e+00   0.0000000e+00   0.0000000e+00   0.0000000e+00   0.0000000e+00   0.0000000e+00   0.0000000e+00   0.0000000e+00   0.0000000e+00   0.0000000e+00   0.0000000e+00   0.0000000e+00   3.9594811e-04   0.0000000e+00   0.0000000e+00   0.0000000e+00   0.0000000e+00   0.0000000e+00   0.0000000e+00   0.0000000e+00   1.8136575e-04   0.0000000e+00   0.0000000e+00   0.0000000e+00   0.0000000e+00   0.0000000e+00   0.0000000e+00   0.0000000e+00   0.0000000e+00   0.0000000e+00   0.0000000e+00   0.0000000e+00   0.0000000e+00   0.0000000e+00   0.0000000e+00   0.0000000e+00   2.8117638e-04   0.0000000e+00
   1.5914539e-03   0.0000000e+00   1.2211104e-03   2.8810369e-03   0.0000000e+00   1.7852223e-02   0.0000000e+00   3.9410909e-04   0.0000000e+00   0.0000000e+00   0.0000000e+00   2.1525894e-03   0.0000000e+00   0.0000000e+00   0.0000000e+00   0.0000000e+00   0.0000000e+00   0.0000000e+00   0.0000000e+00   0.0000000e+00   0.0000000e+00   0.0000000e+00   0.0000000e+00   0.0000000e+00   0.0000000e+00   0.0000000e+00   0.0000000e+00   0.0000000e+00   2.3228699e-03   0.0000000e+00   0.0000000e+00   0.0000000e+00   0.0000000e+00   0.0000000e+00   0.0000000e+00   0.0000000e+00   0.0000000e+00   0.0000000e+00   0.0000000e+00   0.0000000e+00   0.0000000e+00   0.0000000e+00   4.3186281e-03   0.0000000e+00   5.9775139e-03   0.0000000e+00   0.0000000e+00   0.0000000e+00   0.0000000e+00   0.0000000e+00   0.0000000e+00   0.0000000e+00   0.0000000e+00   0.0000000e+00   0.0000000e+00   0.0000000e+00   0.0000000e+00   0.0000000e+00   0.0000000e+00   0.0000000e+00   1.2052547e-03   9.3351066e-03   0.0000000e+00   0.0000000e+00   4.4220773e-04   0.0000000e+00   1.3192695e-04   0.0000000e+00   0.0000000e+00   0.0000000e+00   4.5040199e-04   0.0000000e+00   2.3310069e-03   1.8428981e-03   3.6475375e-03   2.7102540e-03   0.0000000e+00   4.4349287e-03   8.7737399e-04   0.0000000e+00   6.6181621e-03   2.2819292e-04   1.2817874e-02   3.8597784e-04   3.0958914e-03   3.2861675e-03   0.0000000e+00   0.0000000e+00   7.3725277e-03   0.0000000e+00   3.7082529e-03   0.0000000e+00   0.0000000e+00   0.0000000e+00   0.0000000e+00   0.0000000e+00   0.0000000e+00   0.0000000e+00   0.0000000e+00   0.0000000e+00   0.0000000e+00   0.0000000e+00   0.0000000e+00   0.0000000e+00   0.0000000e+00   0.0000000e+00   0.0000000e+00   1.2643692e-02   0.0000000e+00   0.0000000e+00
   2.0918960e-03   5.4232704e-04   1.7915219e-03   0.0000000e+00   1.7852223e-02   0.0000000e+00   1.1450853e-03   0.0000000e+00   0.0000000e+00   0.0000000e+00   0.0000000e+00   0.0000000e+00   0.0000000e+00   0.0000000e+00   0.0000000e+00   0.0000000e+00   1.2323489e-03   0.0000000e+00   0.0000000e+00   0.0000000e+00   0.0000000e+00   0.0000000e+00   0.0000000e+00   0.0000000e+00   0.0000000e+00   0.0000000e+00   0.0000000e+00   0.0000000e+00   6.0229945e-03   0.0000000e+00   0.0000000e+00   0.0000000e+00   0.0000000e+00   0.0000000e+00   0.0000000e+00   0.0000000e+00   0.0000000e+00   0.0000000e+00   0.0000000e+00   0.0000000e+00   0.0000000e+00   0.0000000e+00   0.0000000e+00   0.0000000e+00   0.0000000e+00   0.0000000e+00   0.0000000e+00   0.0000000e+00   0.0000000e+00   0.0000000e+00   0.0000000e+00   0.0000000e+00   0.0000000e+00   0.0000000e+00   0.0000000e+00   0.0000000e+00   0.0000000e+00   0.0000000e+00   0.0000000e+00   0.0000000e+00   2.0409820e-03   0.0000000e+00   0.0000000e+00   0.0000000e+00   0.0000000e+00   0.0000000e+00   4.5999779e-04   1.6572535e-03   0.0000000e+00   0.0000000e+00   0.0000000e+00   0.0000000e+00   1.6145805e-03   0.0000000e+00   7.3721050e-04   0.0000000e+00   0.0000000e+00   0.0000000e+00   8.4966207e-03   0.0000000e+00   7.5806688e-03   1.8240992e-04   1.6902545e-02   2.7148701e-04   2.2284330e-03   0.0000000e+00   0.0000000e+00   0.0000000e+00   5.4192606e-04   0.0000000e+00   4.8549070e-04   0.0000000e+00   0.0000000e+00   0.0000000e+00   0.0000000e+00   0.0000000e+00   0.0000000e+00   0.0000000e+00   0.0000000e+00   0.0000000e+00   0.0000000e+00   0.0000000e+00   0.0000000e+00   0.0000000e+00   0.0000000e+00   0.0000000e+00   0.0000000e+00   0.0000000e+00   0.0000000e+00   0.0000000e+00
   0.0000000e+00   8.1215065e-04   3.6616345e-03   4.2035394e-04   0.0000000e+00   1.1450853e-03   0.0000000e+00   0.0000000e+00   1.2733796e-03   2.6773128e-03   2.1596307e-03   0.0000000e+00   0.0000000e+00   2.2122837e-02   0.0000000e+00   0.0000000e+00   5.2653273e-04   0.0000000e+00   0.0000000e+00   0.0000000e+00   0.0000000e+00   0.0000000e+00   0.0000000e+00   0.0000000e+00   0.0000000e+00   0.0000000e+00   0.0000000e+00   0.0000000e+00   1.0453254e-03   0.0000000e+00   0.0000000e+00   0.0000000e+00   0.0000000e+00   0.0000000e+00   0.0000000e+00   0.0000000e+00   0.0000000e+00   0.0000000e+00   0.0000000e+00   0.0000000e+00   0.0000000e+00   0.0000000e+00   0.0000000e+00   0.0000000e+00   0.0000000e+00   0.0000000e+00   0.0000000e+00   0.0000000e+00   0.0000000e+00   0.0000000e+00   0.0000000e+00   0.0000000e+00   0.0000000e+00   0.0000000e+00   0.0000000e+00   0.0000000e+00   0.0000000e+00   0.0000000e+00   0.0000000e+00   0.0000000e+00   0.0000000e+00   0.0000000e+00   1.4224857e-02   8.9650816e-03   0.0000000e+00   0.0000000e+00   1.1002025e-02   1.3423807e-02   5.9370760e-03   1.6096270e-03   0.0000000e+00   4.8493701e-04   0.0000000e+00   0.0000000e+00   0.0000000e+00   0.0000000e+00   0.0000000e+00   0.0000000e+00   2.4557416e-03   0.0000000e+00   0.0000000e+00   0.0000000e+00   0.0000000e+00   0.0000000e+00   0.0000000e+00   0.0000000e+00   0.0000000e+00   0.0000000e+00   0.0000000e+00   0.0000000e+00   0.0000000e+00   0.0000000e+00   0.0000000e+00   0.0000000e+00   0.0000000e+00   0.0000000e+00   0.0000000e+00   0.0000000e+00   0.0000000e+00   0.0000000e+00   0.0000000e+00   0.0000000e+00   0.0000000e+00   0.0000000e+00   0.0000000e+00   0.0000000e+00   0.0000000e+00   0.0000000e+00   0.0000000e+00   0.0000000e+00
   1.4354301e-02   0.0000000e+00   0.0000000e+00   0.0000000e+00   3.9410909e-04   0.0000000e+00   0.0000000e+00   0.0000000e+00   1.6515768e-02   9.0901229e-03   2.4741222e-03   3.4488648e-03   4.0320994e-04   0.0000000e+00   0.0000000e+00   2.4899646e-03   0.0000000e+00   0.0000000e+00   0.0000000e+00   0.0000000e+00   0.0000000e+00   1.1230983e-04   0.0000000e+00   1.2383807e-03   0.0000000e+00   0.0000000e+00   0.0000000e+00   0.0000000e+00   0.0000000e+00   6.8150133e-04   0.0000000e+00   0.0000000e+00   0.0000000e+00   0.0000000e+00   0.0000000e+00   0.0000000e+00   0.0000000e+00   0.0000000e+00   0.0000000e+00   0.0000000e+00   0.0000000e+00   0.0000000e+00   0.0000000e+00   0.0000000e+00   0.0000000e+00   0.0000000e+00   0.0000000e+00   0.0000000e+00   0.0000000e+00   0.0000000e+00   0.0000000e+00   0.0000000e+00   0.0000000e+00   0.0000000e+00   0.0000000e+00   0.0000000e+00   0.0000000e+00   0.0000000e+00   0.0000000e+00   0.0000000e+00   0.0000000e+00   0.0000000e+00   0.0000000e+00   0.0000000e+00   0.0000000e+00   0.0000000e+00   0.0000000e+00   0.0000000e+00   0.0000000e+00   0.0000000e+00   0.0000000e+00   0.0000000e+00   0.0000000e+00   2.3326569e-03   0.0000000e+00   9.4931875e-04   0.0000000e+00   0.0000000e+00   0.0000000e+00   1.7035864e-03   0.0000000e+00   0.0000000e+00   0.0000000e+00   6.6056920e-04   0.0000000e+00   4.8541921e-04   0.0000000e+00   0.0000000e+00   0.0000000e+00   0.0000000e+00   0.0000000e+00   0.0000000e+00   0.0000000e+00   0.0000000e+00   0.0000000e+00   0.0000000e+00   0.0000000e+00   0.0000000e+00   0.0000000e+00   0.0000000e+00   0.0000000e+00   0.0000000e+00   0.0000000e+00   0.0000000e+00   0.0000000e+00   0.0000000e+00   0.0000000e+00   0.0000000e+00   0.0000000e+00   0.0000000e+00
   1.0200892e-03   2.6281685e-02   0.0000000e+00   0.0000000e+00   0.0000000e+00   0.0000000e+00   1.2733796e-03   1.6515768e-02   0.0000000e+00   6.6191751e-04   2.3239524e-03   0.0000000e+00   0.0000000e+00   3.7773795e-04   1.3801512e-03   2.0376343e-03   0.0000000e+00   0.0000000e+00   1.7863757e-04   0.0000000e+00   0.0000000e+00   0.0000000e+00   0.0000000e+00   0.0000000e+00   0.0000000e+00   0.0000000e+00   0.0000000e+00   0.0000000e+00   0.0000000e+00   0.0000000e+00   0.0000000e+00   0.0000000e+00   0.0000000e+00   0.0000000e+00   0.0000000e+00   0.0000000e+00   0.0000000e+00   0.0000000e+00   0.0000000e+00   0.0000000e+00   0.0000000e+00   0.0000000e+00   0.0000000e+00   0.0000000e+00   0.0000000e+00   0.0000000e+00   0.0000000e+00   0.0000000e+00   0.0000000e+00   0.0000000e+00   0.0000000e+00   0.0000000e+00   0.0000000e+00   0.0000000e+00   0.0000000e+00   0.0000000e+00   0.0000000e+00   0.0000000e+00   0.0000000e+00   0.0000000e+00   0.0000000e+00   0.0000000e+00   1.2580290e-02   1.6496093e-02   0.0000000e+00   0.0000000e+00   1.5329122e-03   0.0000000e+00   9.1296710e-03   8.0390280e-03   0.0000000e+00   2.1788000e-03   0.0000000e+00   0.0000000e+00   0.0000000e+00   0.0000000e+00   0.0000000e+00   0.0000000e+00   0.0000000e+00   0.0000000e+00   0.0000000e+00   0.0000000e+00   0.0000000e+00   0.0000000e+00   0.0000000e+00   0.0000000e+00   0.0000000e+00   0.0000000e+00   0.0000000e+00   0.0000000e+00   0.0000000e+00   0.0000000e+00   0.0000000e+00   0.0000000e+00   0.0000000e+00   0.0000000e+00   0.0000000e+00   0.0000000e+00   0.0000000e+00   0.0000000e+00   0.0000000e+00   0.0000000e+00   0.0000000e+00   0.0000000e+00   0.0000000e+00   0.0000000e+00   0.0000000e+00   0.0000000e+00   0.0000000e+00   0.0000000e+00
   2.7453272e-03   0.0000000e+00   4.3862368e-04   0.0000000e+00   0.0000000e+00   0.0000000e+00   2.6773128e-03   9.0901229e-03   6.6191751e-04   0.0000000e+00   1.3909713e-02   3.7651695e-03   1.8119491e-03   6.0803587e-03   6.5136561e-04   4.7613519e-03   0.0000000e+00   3.2222580e-03   6.6062682e-04   3.5966991e-04   0.0000000e+00   4.5037028e-04   0.0000000e+00   1.1838358e-03   0.0000000e+00   1.7291782e-04   0.0000000e+00   5.1738814e-03   0.0000000e+00   4.6281336e-03   0.0000000e+00   0.0000000e+00   0.0000000e+00   0.0000000e+00   0.0000000e+00   0.0000000e+00   0.0000000e+00   0.0000000e+00   0.0000000e+00   0.0000000e+00   0.0000000e+00   0.0000000e+00   0.0000000e+00   0.0000000e+00   0.0000000e+00   0.0000000e+00   0.0000000e+00   1.3379282e-02   0.0000000e+00   1.8281606e-02   0.0000000e+00   0.0000000e+00   0.0000000e+00   0.0000000e+00   0.0000000e+00   0.0000000e+00   0.0000000e+00   5.5310271e-03   0.0000000e+00   0.0000000e+00   0.0000000e+00   0.0000000e+00   3.4465106e-03   5.7069896e-03   0.0000000e+00   0.0000000e+00   1.3185356e-03   1.2487471e-03   1.0658556e-03   8.6086996e-04   0.0000000e+00   0.0000000e+00   0.0000000e+00   3.4104116e-04   0.0000000e+00   4.1894201e-03   0.0000000e+00   5.4116761e-04   0.0000000e+00   1.0156084e-02   0.0000000e+00   1.2325714e-03   0.0000000e+00   2.4766681e-04   0.0000000e+00   6.2601281e-04   0.0000000e+00   0.0000000e+00   0.0000000e+00   0.0000000e+00   0.0000000e+00   0.0000000e+00   0.0000000e+00   0.0000000e+00   0.0000000e+00   1.6736674e-03   0.0000000e+00   3.2812204e-03   0.0000000e+00   2.0675925e-03   0.0000000e+00   9.1815291e-04   0.0000000e+00   3.0133201e-04   0.0000000e+00   9.5219116e-04   0.0000000e+00   0.0000000e+00   0.0000000e+00   0.0000000e+00
   3.9866180e-03   0.0000000e+00   5.4488256e-04   0.0000000e+00   0.0000000e+00   0.0000000e+00   2.1596307e-03   2.4741222e-03   2.3239524e-03   1.3909713e-02   0.0000000e+00   1.0854477e-03   0.0000000e+00   2.6420116e-03   0.0000000e+00   1.1321457e-03   0.0000000e+00   0.0000000e+00   4.0348829e-04   5.7970971e-04   0.0000000e+00   0.0000000e+00   0.0000000e+00   1.1201431e-03   0.0000000e+00   0.0000000e+00   0.0000000e+00   1.7384524e-02   0.0000000e+00   0.0000000e+00   0.0000000e+00   0.0000000e+00   0.0000000e+00   0.0000000e+00   0.0000000e+00   0.0000000e+00   0.0000000e+00   0.0000000e+00   0.0000000e+00   0.0000000e+00   0.0000000e+00   0.0000000e+00   0.0000000e+00   0.0000000e+00   0.0000000e+00   0.0000000e+00   0.0000000e+00   2.4896598e-02   0.0000000e+00   1.3314652e-02   0.0000000e+00   0.0000000e+00   0.0000000e+00   0.0000000e+00   0.0000000e+00   0.0000000e+00   0.0000000e+00   2.0990043e-03   0.0000000e+00   0.0000000e+00   0.0000000e+00   0.0000000e+00   0.0000000e+00   0.0000000e+00   0.0000000e+00   0.0000000e+00   0.0000000e+00   0.0000000e+00   0.0000000e+00   0.0000000e+00   0.0000000e+00   0.0000000e+00   0.0000000e+00   0.0000000e+00   0.0000000e+00   4.0750536e-03   0.0000000e+00   0.0000000e+00   0.0000000e+00   1.9841801e-03   0.0000000e+00   0.0000000e+00   0.0000000e+00   0.0000000e+00   0.0000000e+00   0.0000000e+00   0.0000000e+00   0.0000000e+00   0.0000000e+00   0.0000000e+00   0.0000000e+00   0.0000000e+00   0.0000000e+00   0.0000000e+00   0.0000000e+00   0.0000000e+00   0.0000000e+00   0.0000000e+00   0.0000000e+00   0.0000000e+00   0.0000000e+00   0.0000000e+00   0.0000000e+00   0.0000000e+00   0.0000000e+00   0.0000000e+00   0.0000000e+00   0.0000000e+00   0.0000000e+00   0.0000000e+00
   5.6338097e-03   0.0000000e+00   0.0000000e+00   0.0000000e+00   2.1525894e-03   0.0000000e+00   0.0000000e+00   3.4488648e-03   0.0000000e+00   3.7651695e-03   1.0854477e-03   0.0000000e+00   1.1687589e-02   0.0000000e+00   0.0000000e+00   2.7314148e-04   0.0000000e+00   4.1560128e-04   0.0000000e+00   0.0000000e+00   0.0000000e+00   0.0000000e+00   0.0000000e+00   4.0799292e-03   0.0000000e+00   0.0000000e+00   0.0000000e+00   0.0000000e+00   0.0000000e+00   1.1258811e-02   0.0000000e+00   0.0000000e+00   0.0000000e+00   0.0000000e+00   0.0000000e+00   0.0000000e+00   0.0000000e+00   0.0000000e+00   0.0000000e+00   0.0000000e+00   0.0000000e+00   0.0000000e+00   0.0000000e+00   0.0000000e+00   0.0000000e+00   0.0000000e+00   0.0000000e+00   0.0000000e+00   0.0000000e+00   0.0000000e+00   0.0000000e+00   0.0000000e+00   0.0000000e+00   0.0000000e+00   0.0000000e+00   0.0000000e+00   0.0000000e+00   0.0000000e+00   0.0000000e+00   0.0000000e+00   0.0000000e+00   6.9544456e-04   0.0000000e+00   0.0000000e+00   0.0000000e+00   0.0000000e+00   0.0000000e+00   2.3038122e-04   0.0000000e+00   0.0000000e+00   0.0000000e+00   0.0000000e+00   4.9573734e-04   8.8267665e-03   9.3488872e-05   5.8867725e-03   0.0000000e+00   2.2698026e-04   0.0000000e+00   2.6485874e-03   0.0000000e+00   1.2294429e-02   0.0000000e+00   2.0537145e-02   2.1674889e-03   1.0500831e-02   0.0000000e+00   0.0000000e+00   0.0000000e+00   9.5252599e-04   0.0000000e+00   4.1488461e-04   0.0000000e+00   0.0000000e+00   0.0000000e+00   2.0634865e-03   0.0000000e+00   0.0000000e+00   0.0000000e+00   0.0000000e+00   0.0000000e+00   0.0000000e+00   0.0000000e+00   0.0000000e+00   0.0000000e+00   0.0000000e+00   0.0000000e+00   9.6195213e-04   0.0000000e+00   0.0000000e+00
   7.1490811e-04   0.0000000e+00   4.3389737e-04   0.0000000e+00   0.0000000e+00   0.0000000e+00   0.0000000e+00   4.0320994e-04   0.0000000e+00   1.8119491e-03   0.0000000e+00   1.1687589e-02   0.0000000e+00   0.0000000e+00   0.0000000e+00   0.0000000e+00   0.0000000e+00   4.0045141e-04   0.0000000e+00   0.0000000e+00   0.0000000e+00   0.0000000e+00   0.0000000e+00   0.0000000e+00   0.0000000e+00   0.0000000e+00   0.0000000e+00   0.0000000e+00   0.0000000e+00   8.1557347e-03   0.0000000e+00   0.0000000e+00   0.0000000e+00   0.0000000e+00   0.0000000e+00   0.0000000e+00   0.0000000e+00   0.0000000e+00   0.0000000e+00   0.0000000e+00   0.0000000e+00   0.0000000e+00   0.0000000e+00   0.0000000e+00   0.0000000e+00   0.0000000e+00   0.0000000e+00   0.0000000e+00   0.0000000e+00   0.0000000e+00   0.0000000e+00   0.0000000e+00   0.0000000e+00   0.0000000e+00   0.0000000e+00   0.0000000e+00   0.0000000e+00   0.0000000e+00   0.0000000e+00   0.0000000e+00   0.0000000e+00   0.0000000e+00   0.0000000e+00   0.0000000e+00   0.0000000e+00   0.0000000e+00   0.0000000e+00   0.0000000e+00   0.0000000e+00   0.0000000e+00   0.0000000e+00   0.0000000e+00   0.0000000e+00   0.0000000e+00   0.0000000e+00   0.0000000e+00   0.0000000e+00   0.0000000e+00   0.0000000e+00   2.8413924e-03   0.0000000e+00   5.8508939e-03   0.0000000e+00   3.0689730e-03   0.0000000e+00   0.0000000e+00   0.0000000e+00   0.0000000e+00   0.0000000e+00   0.0000000e+00   0.0000000e+00   0.0000000e+00   0.0000000e+00   0.0000000e+00   0.0000000e+00   0.0000000e+00   0.0000000e+00   0.0000000e+00   0.0000000e+00   0.0000000e+00   0.0000000e+00   0.0000000e+00   0.0000000e+00   0.0000000e+00   0.0000000e+00   0.0000000e+00   0.0000000e+00   0.0000000e+00   0.0000000e+00   0.0000000e+00
   0.0000000e+00   2.9661083e-03   0.0000000e+00   0.0000000e+00   0.0000000e+00   0.0000000e+00   2.2122837e-02   0.0000000e+00   3.7773795e-04   6.0803587e-03   2.6420116e-03   0.0000000e+00   0.0000000e+00   0.0000000e+00   7.0652038e-04   9.7287722e-04   0.0000000e+00   0.0000000e+00   0.0000000e+00   0.0000000e+00   0.0000000e+00   0.0000000e+00   0.0000000e+00   0.0000000e+00   0.0000000e+00   0.0000000e+00   0.0000000e+00   0.0000000e+00   0.0000000e+00   0.0000000e+00   0.0000000e+00   0.0000000e+00   0.0000000e+00   0.0000000e+00   0.0000000e+00   0.0000000e+00   0.0000000e+00   0.0000000e+00   0.0000000e+00   0.0000000e+00   0.0000000e+00   0.0000000e+00   0.0000000e+00   0.0000000e+00   0.0000000e+00   0.0000000e+00   0.0000000e+00   0.0000000e+00   0.0000000e+00   0.0000000e+00   0.0000000e+00   0.0000000e+00   0.0000000e+00   0.0000000e+00   0.0000000e+00   0.0000000e+00   0.0000000e+00   0.0000000e+00   0.0000000e+00   0.0000000e+00   0.0000000e+00   0.0000000e+00   1.3126044e-02   3.3936197e-02   0.0000000e+00   0.0000000e+00   1.0153367e-02   7.6302044e-03   2.7370761e-03   1.1396620e-02   0.0000000e+00   4.2075500e-03   0.0000000e+00   0.0000000e+00   0.0000000e+00   0.0000000e+00   0.0000000e+00   0.0000000e+00   0.0000000e+00   8.8262520e-04   0.0000000e+00   0.0000000e+00   0.0000000e+00   0.0000000e+00   0.0000000e+00   0.0000000e+00   0.0000000e+00   0.0000000e+00   0.0000000e+00   0.0000000e+00   0.0000000e+00   0.0000000e+00   0.0000000e+00   0.0000000e+00   0.0000000e+00   0.0000000e+00   0.0000000e+00   0.0000000e+00   0.0000000e+00   0.0000000e+00   0.0000000e+00   0.0000000e+00   0.0000000e+00   0.0000000e+00   0.0000000e+00   0.0000000e+00   0.0000000e+00   0.0000000e+00   0.0000000e+00   0.0000000e+00
   0.0000000e+00   0.0000000e+00   1.8504033e-03   4.6725275e-04   0.0000000e+00   0.0000000e+00   0.0000000e+00   0.0000000e+00   1.3801512e-03   6.5136561e-04   0.0000000e+00   0.0000000e+00   0.0000000e+00   7.0652038e-04   0.0000000e+00   7.9760594e-04   3.4385688e-03   0.0000000e+00   4.1023167e-03   0.0000000e+00   7.0065748e-03   0.0000000e+00   2.1294576e-03   0.0000000e+00   0.0000000e+00   0.0000000e+00   0.0000000e+00   0.0000000e+00   2.7998610e-03   0.0000000e+00   0.0000000e+00   0.0000000e+00   0.0000000e+00   0.0000000e+00   0.0000000e+00   0.0000000e+00   7.0050938e-05   0.0000000e+00   7.7508756e-05   0.0000000e+00   0.0000000e+00   0.0000000e+00   7.1617809e-05   0.0000000e+00   1.3968457e-04   0.0000000e+00   0.0000000e+00   0.0000000e+00   0.0000000e+00   0.0000000e+00   0.0000000e+00   0.0000000e+00   0.0000000e+00   0.0000000e+00   0.0000000e+00   0.0000000e+00   0.0000000e+00   0.0000000e+00   0.0000000e+00   0.0000000e+00   0.0000000e+00   0.0000000e+00   1.3268905e-03   4.2583729e-04   0.0000000e+00   0.0000000e+00   1.1326822e-04   0.0000000e+00   4.3015144e-03   4.1473519e-04   1.1041050e-04   0.0000000e+00   0.0000000e+00   0.0000000e+00   0.0000000e+00   0.0000000e+00   0.0000000e+00   0.0000000e+00   1.3746875e-02   0.0000000e+00   0.0000000e+00   0.0000000e+00   0.0000000e+00   0.0000000e+00   0.0000000e+00   0.0000000e+00   0.0000000e+00   0.0000000e+00   0.0000000e+00   0.0000000e+00   0.0000000e+00   0.0000000e+00   0.0000000e+00   0.0000000e+00   1.5050386e-03   0.0000000e+00   0.0000000e+00   0.0000000e+00   0.0000000e+00   0.0000000e+00   1.4868267e-04   0.0000000e+00   0.0000000e+00   0.0000000e+00   0.0000000e+00   0.0000000e+00   0.0000000e+00   0.0000000e+00   0.0000000e+00   0.0000000e+00
   1.2128341e-04   8.3344865e-04   0.0000000e+00   0.0000000e+00   0.0000000e+00   0.0000000e+00   0.0000000e+00   2.4899646e-03   2.0376343e-03   4.7613519e-03   1.1321457e-03   2.7314148e-04   0.0000000e+00   9.7287722e-04   7.9760594e-04   0.0000000e+00   0.0000000e+00   1.2464453e-04   4.6226204e-04   4.3594964e-03   0.0000000e+00   5.2529030e-03   0.0000000e+00   7.1869882e-04   0.0000000e+00   0.0000000e+00   0.0000000e+00   0.0000000e+00   0.0000000e+00   7.2607778e-04   0.0000000e+00   0.0000000e+00   0.0000000e+00   0.0000000e+00   0.0000000e+00   0.0000000e+00   0.0000000e+00   0.0000000e+00   0.0000000e+00   0.0000000e+00   0.0000000e+00   0.0000000e+00   0.0000000e+00   0.0000000e+00   0.0000000e+00   0.0000000e+00   0.0000000e+00   0.0000000e+00   0.0000000e+00   0.0000000e+00   0.0000000e+00   0.0000000e+00   0.0000000e+00   0.0000000e+00   0.0000000e+00   0.0000000e+00   0.0000000e+00   0.0000000e+00   0.0000000e+00   0.0000000e+00   0.0000000e+00   0.0000000e+00   1.4538480e-03   9.9009635e-04   0.0000000e+00   0.0000000e+00   0.0000000e+00   0.0000000e+00   1.9947725e-03   2.5042114e-03   3.3222890e-04   0.0000000e+00   0.0000000e+00   0.0000000e+00   0.0000000e+00   0.0000000e+00   0.0000000e+00   0.0000000e+00   2.2760345e-04   3.0896787e-03   0.0000000e+00   0.0000000e+00   0.0000000e+00   2.3871045e-04   0.0000000e+00   0.0000000e+00   0.0000000e+00   0.0000000e+00   0.0000000e+00   0.0000000e+00   0.0000000e+00   0.0000000e+00   0.0000000e+00   0.0000000e+00   0.0000000e+00   0.0000000e+00   0.0000000e+00   0.0000000e+00   0.0000000e+00   0.0000000e+00   0.0000000e+00   2.0720314e-04   0.0000000e+00   0.0000000e+00   0.0000000e+00   0.0000000e+00   0.0000000e+00   0.0000000e+00   0.0000000e+00   0.0000000e+00
   0.0000000e+00   3.8439361e-04   1.9353343e-03   0.0000000e+00   0.0000000e+00   1.2323489e-03   5.2653273e-04   0.0000000e+00   0.0000000e+00   0.0000000e+00   0.0000000e+00   0.0000000e+00   0.0000000e+00   0.0000000e+00   3.4385688e-03   0.0000000e+00   0.0000000e+00   0.0000000e+00   4.6331173e-03   0.0000000e+00   1.9909216e-03   0.0000000e+00   5.9837321e-03   0.0000000e+00   5.6271871e-03   0.0000000e+00   1.1298208e-03   0.0000000e+00   6.8686659e-03   0.0000000e+00   1.3408328e-03   0.0000000e+00   3.5800767e-04   0.0000000e+00   0.0000000e+00   0.0000000e+00   1.9660611e-04   0.0000000e+00   0.0000000e+00   0.0000000e+00   0.0000000e+00   0.0000000e+00   0.0000000e+00   0.0000000e+00   0.0000000e+00   0.0000000e+00   5.9024044e-04   0.0000000e+00   0.0000000e+00   0.0000000e+00   0.0000000e+00   0.0000000e+00   0.0000000e+00   0.0000000e+00   0.0000000e+00   0.0000000e+00   0.0000000e+00   0.0000000e+00   0.0000000e+00   0.0000000e+00   0.0000000e+00   0.0000000e+00   1.3696239e-03   0.0000000e+00   0.0000000e+00   0.0000000e+00   0.0000000e+00   2.6257121e-04   0.0000000e+00   0.0000000e+00   0.0000000e+00   0.0000000e+00   0.0000000e+00   0.0000000e+00   0.0000000e+00   0.0000000e+00   0.0000000e+00   0.0000000e+00   1.4501662e-02   0.0000000e+00   1.7026071e-04   0.0000000e+00   0.0000000e+00   0.0000000e+00   0.0000000e+00   0.0000000e+00   0.0000000e+00   0.0000000e+00   0.0000000e+00   0.0000000e+00   0.0000000e+00   0.0000000e+00   0.0000000e+00   0.0000000e+00   2.0519152e-02   0.0000000e+00   2.0733715e-02   0.0000000e+00   7.5049341e-03   0.0000000e+00   1.5398362e-02   0.0000000e+00   1.3452543e-02   0.0000000e+00   7.3774734e-04   0.0000000e+00   0.0000000e+00   0.0000000e+00   0.0000000e+00   0.0000000e+00
   0.0000000e+00   0.0000000e+00   0.0000000e+00   0.0000000e+00   0.0000000e+00   0.0000000e+00   0.0000000e+00   0.0000000e+00   0.0000000e+00   3.2222580e-03   0.0000000e+00   4.1560128e-04   4.0045141e-04   0.0000000e+00   0.0000000e+00   1.2464453e-04   0.0000000e+00   0.0000000e+00   0.0000000e+00   0.0000000e+00   0.0000000e+00   0.0000000e+00   0.0000000e+00   1.2567467e-02   0.0000000e+00   1.2869997e-02   0.0000000e+00   9.7164678e-04   0.0000000e+00   9.8589186e-03   0.0000000e+00   2.4770824e-03   0.0000000e+00   0.0000000e+00   0.0000000e+00   0.0000000e+00   0.0000000e+00   0.0000000e+00   0.0000000e+00   0.0000000e+00   0.0000000e+00   0.0000000e+00   0.0000000e+00   0.0000000e+00   0.0000000e+00   0.0000000e+00   0.0000000e+00   2.1335256e-03   0.0000000e+00   5.6358825e-03   0.0000000e+00   6.6349434e-04   0.0000000e+00   0.0000000e+00   0.0000000e+00   0.0000000e+00   0.0000000e+00   3.4487058e-03   0.0000000e+00   0.0000000e+00   0.0000000e+00   0.0000000e+00   0.0000000e+00   0.0000000e+00   0.0000000e+00   0.0000000e+00   0.0000000e+00   0.0000000e+00   0.0000000e+00   0.0000000e+00   0.0000000e+00   0.0000000e+00   0.0000000e+00   0.0000000e+00   0.0000000e+00   1.6079827e-04   0.0000000e+00   0.0000000e+00   0.0000000e+00   1.3370021e-02   0.0000000e+00   0.0000000e+00   0.0000000e+00   0.0000000e+00   0.0000000e+00   5.4329254e-04   0.0000000e+00   0.0000000e+00   0.0000000e+00   1.4622234e-03   0.0000000e+00   2.3378498e-04   0.0000000e+00   0.0000000e+00   0.0000000e+00   1.7382157e-02   0.0000000e+00   2.2560795e-02   0.0000000e+00   1.3974668e-02   0.0000000e+00   1.7733117e-02   0.0000000e+00   1.1172706e-02   0.0000000e+00   1.2229335e-02   0.0000000e+00   0.0000000e+00   0.0000000e+00   0.0000000e+00
   6.8790359e-04   0.0000000e+00   1.5290768e-03   2.8449957e-04   0.0000000e+00   0.0000000e+00   0.0000000e+00   0.0000000e+00   1.7863757e-04   6.6062682e-04   4.0348829e-04   0.0000000e+00   0.0000000e+00   0.0000000e+00   4.1023167e-03   4.6226204e-04   4.6331173e-03   0.0000000e+00   0.0000000e+00   9.3258399e-03   1.2115714e-02   1.0983463e-04   3.6790159e-04   0.0000000e+00   1.4001051e-03   0.0000000e+00   3.6255416e-03   2.1879067e-04   7.8622251e-04   0.0000000e+00   0.0000000e+00   0.0000000e+00   0.0000000e+00   0.0000000e+00   0.0000000e+00   0.0000000e+00   1.9912163e-04   0.0000000e+00   0.0000000e+00   0.0000000e+00   0.0000000e+00   0.0000000e+00   2.0710759e-04   0.0000000e+00   0.0000000e+00   0.0000000e+00   0.0000000e+00   0.0000000e+00   0.0000000e+00   0.0000000e+00   0.0000000e+00   0.0000000e+00   0.0000000e+00   0.0000000e+00   0.0000000e+00   0.0000000e+00   0.0000000e+00   0.0000000e+00   0.0000000e+00   0.0000000e+00   0.0000000e+00   0.0000000e+00   0.0000000e+00   0.0000000e+00   4.6749947e-03   4.5416829e-04   0.0000000e+00   0.0000000e+00   7.7595864e-03   6.4808334e-04   1.0537315e-03   4.3096722e-04   0.0000000e+00   0.0000000e+00   0.0000000e+00   0.0000000e+00   0.0000000e+00   0.0000000e+00   1.6697908e-03   0.0000000e+00   0.0000000e+00   0.0000000e+00   0.0000000e+00   0.0000000e+00   0.0000000e+00   0.0000000e+00   0.0000000e+00   0.0000000e+00   0.0000000e+00   0.0000000e+00   0.0000000e+00   0.0000000e+00   0.0000000e+00   0.0000000e+00   1.2596326e-03   0.0000000e+00   0.0000000e+00   0.0000000e+00   0.0000000e+00   0.0000000e+00   2.9019706e-03   0.0000000e+00   0.0000000e+00   0.0000000e+00   0.0000000e+00   0.0000000e+00   0.0000000e+00   0.0000000e+00   0.0000000e+00   0.0000000e+00
   0.0000000e+00   0.0000000e+00   0.0000000e+00   0.0000000e+00   0.0000000e+00   0.0000000e+00   0.0000000e+00   0.0000000e+00   0.0000000e+00   3.5966991e-04   5.7970971e-04   0.0000000e+00   0.0000000e+00   0.0000000e+00   0.0000000e+00   4.3594964e-03   0.0000000e+00   0.0000000e+00   9.3258399e-03   0.0000000e+00   0.0000000e+00   1.2440715e-02   0.0000000e+00   0.0000000e+00   0.0000000e+00   0.0000000e+00   0.0000000e+00   2.4312190e-03   0.0000000e+00   0.0000000e+00   0.0000000e+00   0.0000000e+00   0.0000000e+00   0.0000000e+00   0.0000000e+00   0.0000000e+00   0.0000000e+00   0.0000000e+00   0.0000000e+00   0.0000000e+00   0.0000000e+00   0.0000000e+00   0.0000000e+00   0.0000000e+00   0.0000000e+00   0.0000000e+00   0.0000000e+00   1.7720240e-04   0.0000000e+00   0.0000000e+00   0.0000000e+00   0.0000000e+00   0.0000000e+00   0.0000000e+00   0.0000000e+00   0.0000000e+00   0.0000000e+00   0.0000000e+00   0.0000000e+00   0.0000000e+00   0.0000000e+00   0.0000000e+00   0.0000000e+00   0.0000000e+00   5.9316537e-03   8.2161245e-04   0.0000000e+00   0.0000000e+00   4.2407638e-03   3.9235622e-03   6.8970098e-04   5.5878241e-04   0.0000000e+00   0.0000000e+00   0.0000000e+00   0.0000000e+00   0.0000000e+00   0.0000000e+00   0.0000000e+00   0.0000000e+00   0.0000000e+00   0.0000000e+00   0.0000000e+00   0.0000000e+00   0.0000000e+00   0.0000000e+00   0.0000000e+00   0.0000000e+00   0.0000000e+00   0.0000000e+00   0.0000000e+00   0.0000000e+00   0.0000000e+00   0.0000000e+00   0.0000000e+00   0.0000000e+00   0.0000000e+00   0.0000000e+00   0.0000000e+00   0.0000000e+00   0.0000000e+00   0.0000000e+00   0.0000000e+00   0.0000000e+00   0.0000000e+00   0.0000000e+00   0.0000000e+00   0.0000000e+00   0.0000000e+00   0.0000000e+00
   0.0000000e+00   0.0000000e+00   1.5174722e-04   0.0000000e+00   0.0000000e+00   0.0000000e+00   0.0000000e+00   0.0000000e+00   0.0000000e+00   0.0000000e+00   0.0000000e+00   0.0000000e+00   0.0000000e+00   0.0000000e+00   7.0065748e-03   0.0000000e+00   1.9909216e-03   0.0000000e+00   1.2115714e-02   0.0000000e+00   0.0000000e+00   0.0000000e+00   1.1825652e-02   0.0000000e+00   1.7598691e-02   0.0000000e+00   8.8110970e-03   0.0000000e+00   0.0000000e+00   0.0000000e+00   0.0000000e+00   0.0000000e+00   0.0000000e+00   0.0000000e+00   0.0000000e+00   0.0000000e+00   0.0000000e+00   0.0000000e+00   0.0000000e+00   0.0000000e+00   0.0000000e+00   0.0000000e+00   0.0000000e+00   0.0000000e+00   0.0000000e+00   0.0000000e+00   3.0878643e-04   0.0000000e+00   0.0000000e+00   0.0000000e+00   0.0000000e+00   0.0000000e+00   0.0000000e+00   0.0000000e+00   0.0000000e+00   0.0000000e+00   0.0000000e+00   0.0000000e+00   0.0000000e+00   0.0000000e+00   0.0000000e+00   0.0000000e+00   0.0000000e+00   0.0000000e+00   0.0000000e+00   0.0000000e+00   0.0000000e+00   0.0000000e+00   0.0000000e+00   0.0000000e+00   0.0000000e+00   0.0000000e+00   0.0000000e+00   0.0000000e+00   0.0000000e+00   0.0000000e+00   0.0000000e+00   0.0000000e+00   1.1974847e-03   0.0000000e+00   0.0000000e+00   0.0000000e+00   0.0000000e+00   0.0000000e+00   0.0000000e+00   0.0000000e+00   0.0000000e+00   0.0000000e+00   0.0000000e+00   0.0000000e+00   0.0000000e+00   0.0000000e+00   0.0000000e+00   0.0000000e+00   1.5027397e-03   0.0000000e+00   0.0000000e+00   0.0000000e+00   0.0000000e+00   0.0000000e+00   0.0000000e+00   0.0000000e+00   0.0000000e+00   0.0000000e+00   0.0000000e+00   0.0000000e+00   0.0000000e+00   0.0000000e+00   0.0000000e+00   0.0000000e+00
   0.0000000e+00   0.0000000e+00   0.0000000e+00   0.0000000e+00   0.0000000e+00   0.0000000e+00   0.0000000e+00   1.1230983e-04   0.0000000e+00   4.5037028e-04   0.0000000e+00   0.0000000e+00   0.0000000e+00   0.0000000e+00   0.0000000e+00   5.2529030e-03   0.0000000e+00   0.0000000e+00   1.0983463e-04   1.2440715e-02   0.0000000e+00   0.0000000e+00   0.0000000e+00   1.1350343e-03   0.0000000e+00   1.3855045e-03   0.0000000e+00   8.0735798e-03   0.0000000e+00   0.0000000e+00   0.0000000e+00   0.0000000e+00   0.0000000e+00   0.0000000e+00   0.0000000e+00   0.0000000e+00   0.0000000e+00   0.0000000e+00   0.0000000e+00   0.0000000e+00   0.0000000e+00   0.0000000e+00   0.0000000e+00   0.0000000e+00   0.0000000e+00   0.0000000e+00   0.0000000e+00   4.6523386e-04   0.0000000e+00   0.0000000e+00   0.0000000e+00   0.0000000e+00   0.0000000e+00   0.0000000e+00   0.0000000e+00   0.0000000e+00   0.0000000e+00   0.0000000e+00   0.0000000e+00   0.0000000e+00   0.0000000e+00   0.0000000e+00   0.0000000e+00   0.0000000e+00   0.0000000e+00   0.0000000e+00   0.0000000e+00   0.0000000e+00   0.0000000e+00   0.0000000e+00   0.0000000e+00   0.0000000e+00   0.0000000e+00   0.0000000e+00   0.0000000e+00   0.0000000e+00   0.0000000e+00   0.0000000e+00   0.0000000e+00   0.0000000e+00   0.0000000e+00   0.0000000e+00   0.0000000e+00   0.0000000e+00   0.0000000e+00   0.0000000e+00   0.0000000e+00   0.0000000e+00   0.0000000e+00   0.0000000e+00   0.0000000e+00   0.0000000e+00   0.0000000e+00   0.0000000e+00   0.0000000e+00   0.0000000e+00   0.0000000e+00   0.0000000e+00   0.0000000e+00   8.6809749e-04   0.0000000e+00   0.0000000e+00   0.0000000e+00   0.0000000e+00   0.0000000e+00   0.0000000e+00   0.0000000e+00   0.0000000e+00   0.0000000e+00   0.0000000e+00
