   0.0000000e+00   3.9565298e-02   2.6927401e-03   3.2279848e-03   3.1490898e-03   9.5420486e-04   3.9146759e-03   1.7940694e-03   0.0000000e+00   0.0000000e+00   0.0000000e+00   0.0000000e+00   0.0000000e+00   0.0000000e+00   7.2711310e-03   0.0000000e+00   0.0000000e+00   0.0000000e+00   2.6289414e-03   0.0000000e+00   0.0000000e+00   0.0000000e+00   0.0000000e+00   0.0000000e+00   0.0000000e+00   0.0000000e+00   5.9100161e-04   0.0000000e+00   9.5977865e-04   0.0000000e+00   0.0000000e+00   0.0000000e+00   0.0000000e+00   0.0000000e+00   0.0000000e+00   0.0000000e+00   0.0000000e+00   0.0000000e+00   0.0000000e+00   0.0000000e+00   0.0000000e+00   0.0000000e+00   0.0000000e+00   0.0000000e+00   0.0000000e+00   0.0000000e+00   3.1779791e-04   0.0000000e+00   0.0000000e+00   0.0000000e+00   0.0000000e+00   0.0000000e+00   0.0000000e+00   0.0000000e+00   0.0000000e+00   0.0000000e+00   5.7656235e-03   0.0000000e+00   3.1941920e-03   0.0000000e+00   0.0000000e+00   0.0000000e+00   0.0000000e+00   0.0000000e+00   0.0000000e+00   0.0000000e+00   0.0000000e+00   0.0000000e+00   0.0000000e+00   0.0000000e+00   0.0000000e+00   0.0000000e+00   6.0857835e-04   0.0000000e+00   5.3116135e-04   0.0000000e+00   0.0000000e+00   0.0000000e+00   0.0000000e+00   0.0000000e+00   0.0000000e+00   0.0000000e+00   0.0000000e+00   0.0000000e+00   0.0000000e+00   0.0000000e+00   0.0000000e+00   0.0000000e+00   0.0000000e+00   0.0000000e+00   0.0000000e+00   0.0000000e+00   0.0000000e+00   0.0000000e+00   0.0000000e+00   0.0000000e+00   0.0000000e+00   0.0000000e+00   0.0000000e+00   0.0000000e+00   4.0251192e-04   0.0000000e+00   0.0000000e+00   0.0000000e+00   0.0000000e+00   0.0000000e+00   0.0000000e+00   0.0000000e+00   3.7287141e-03   0.0000000e+00
   3.9565298e-02   0.0000000e+00   1.6754671e-03   1.5016886e-03   1.3103754e-03   4.8619874e-04   0.0000000e+00   0.0000000e+00   3.6222107e-03   0.0000000e+00   0.0000000e+00   0.0000000e+00   0.0000000e+00   1.9573758e-03   4.0964766e-03   5.4623509e-04   0.0000000e+00   0.0000000e+00   0.0000000e+00   0.0000000e+00   0.0000000e+00   0.0000000e+00   0.0000000e+00   0.0000000e+00   0.0000000e+00   0.0000000e+00   0.0000000e+00   0.0000000e+00   0.0000000e+00   0.0000000e+00   0.0000000e+00   0.0000000e+00   0.0000000e+00   0.0000000e+00   0.0000000e+00   0.0000000e+00   0.0000000e+00   0.0000000e+00   0.0000000e+00   0.0000000e+00   0.0000000e+00   0.0000000e+00   0.0000000e+00   0.0000000e+00   0.0000000e+00   0.0000000e+00   0.0000000e+00   0.0000000e+00   0.0000000e+00   0.0000000e+00   0.0000000e+00   0.0000000e+00   0.0000000e+00   0.0000000e+00   0.0000000e+00   0.0000000e+00   1.3044484e-03   0.0000000e+00   3.5194693e-03   0.0000000e+00   0.0000000e+00   0.0000000e+00   3.3675622e-03   4.9657708e-03   0.0000000e+00   0.0000000e+00   1.0069980e-03   0.0000000e+00   1.9378900e-03   1.5663448e-03   0.0000000e+00   0.0000000e+00   0.0000000e+00   0.0000000e+00   0.0000000e+00   0.0000000e+00   0.0000000e+00   0.0000000e+00   0.0000000e+00   0.0000000e+00   0.0000000e+00   0.0000000e+00   0.0000000e+00   0.0000000e+00   0.0000000e+00   0.0000000e+00   0.0000000e+00   0.0000000e+00   0.0000000e+00   0.0000000e+00   0.0000000e+00   0.0000000e+00   0.0000000e+00   0.0000000e+00   0.0000000e+00   0.0000000e+00   0.0000000e+00   0.0000000e+00   0.0000000e+00   0.0000000e+00   8.8146626e-04   0.0000000e+00   0.0000000e+00   0.0000000e+00   0.0000000e+00   0.0000000e+00   0.0000000e+00   0.0000000e+00   1.9603734e-03   0.0000000e+00
   2.6927401e-03   1.6754671e-03   0.0000000e+00   6.3739176e-03   3.9887450e-04   0.0000000e+00   0.0000000e+00   0.0000000e+00   0.0000000e+00   0.0000000e+00   0.0000000e+00   0.0000000e+00   0.0000000e+00   0.0000000e+00   1.3083327e-02   0.0000000e+00   3.9666831e-04   0.0000000e+00   4.0416288e-03   0.0000000e+00   0.0000000e+00   0.0000000e+00   1.1846932e-02   0.0000000e+00   0.0000000e+00   0.0000000e+00   1.2606187e-02   0.0000000e+00   1.4760301e-03   0.0000000e+00   0.0000000e+00   0.0000000e+00   8.9211715e-04   0.0000000e+00   0.0000000e+00   0.0000000e+00   1.1884725e-03   0.0000000e+00   2.2053671e-03   0.0000000e+00   0.0000000e+00   0.0000000e+00   0.0000000e+00   0.0000000e+00   8.2112408e-04   0.0000000e+00   2.2982261e-03   0.0000000e+00   0.0000000e+00   0.0000000e+00   0.0000000e+00   0.0000000e+00   0.0000000e+00   0.0000000e+00   0.0000000e+00   0.0000000e+00   2.9044340e-03   0.0000000e+00   1.1499478e-03   0.0000000e+00   0.0000000e+00   0.0000000e+00   2.9634746e-03   0.0000000e+00   0.0000000e+00   0.0000000e+00   0.0000000e+00   0.0000000e+00   5.9116383e-04   0.0000000e+00   0.0000000e+00   0.0000000e+00   0.0000000e+00   0.0000000e+00   0.0000000e+00   0.0000000e+00   0.0000000e+00   0.0000000e+00   6.7999259e-03   0.0000000e+00   0.0000000e+00   0.0000000e+00   0.0000000e+00   0.0000000e+00   0.0000000e+00   0.0000000e+00   0.0000000e+00   0.0000000e+00   0.0000000e+00   0.0000000e+00   0.0000000e+00   0.0000000e+00   0.0000000e+00   0.0000000e+00   6.0299462e-03   0.0000000e+00   0.0000000e+00   0.0000000e+00   6.0431722e-04   0.0000000e+00   6.0597526e-04   0.0000000e+00   0.0000000e+00   0.0000000e+00   1.2507821e-03   0.0000000e+00   0.0000000e+00   0.0000000e+00   7.1627244e-04   0.0000000e+00
   3.2279848e-03   1.5016886e-03   6.3739176e-03   0.0000000e+00   9.4207800e-04   1.0621614e-03   1.6223354e-03   0.0000000e+00   0.0000000e+00   0.0000000e+00   0.0000000e+00   0.0000000e+00   0.0000000e+00   0.0000000e+00   2.3623544e-03   0.0000000e+00   0.0000000e+00   0.0000000e+00   1.8935085e-03   0.0000000e+00   0.0000000e+00   0.0000000e+00   1.3657826e-03   0.0000000e+00   0.0000000e+00   0.0000000e+00   7.3231479e-03   0.0000000e+00   9.3074505e-04   0.0000000e+00   0.0000000e+00   0.0000000e+00   0.0000000e+00   0.0000000e+00   0.0000000e+00   0.0000000e+00   0.0000000e+00   0.0000000e+00   0.0000000e+00   0.0000000e+00   0.0000000e+00   0.0000000e+00   0.0000000e+00   0.0000000e+00   0.0000000e+00   0.0000000e+00   1.2920010e-03   0.0000000e+00   0.0000000e+00   0.0000000e+00   0.0000000e+00   0.0000000e+00   0.0000000e+00   0.0000000e+00   0.0000000e+00   0.0000000e+00   5.4501882e-04   0.0000000e+00   0.0000000e+00   0.0000000e+00   0.0000000e+00   0.0000000e+00   0.0000000e+00   0.0000000e+00   0.0000000e+00   0.0000000e+00   0.0000000e+00   0.0000000e+00   0.0000000e+00   0.0000000e+00   0.0000000e+00   0.0000000e+00   0.0000000e+00   0.0000000e+00   0.0000000e+00   0.0000000e+00   0.0000000e+00   0.0000000e+00   0.0000000e+00   0.0000000e+00   0.0000000e+00   0.0000000e+00   0.0000000e+00   0.0000000e+00   0.0000000e+00   0.0000000e+00   0.0000000e+00   0.0000000e+00   0.0000000e+00   0.0000000e+00   0.0000000e+00   0.0000000e+00   0.0000000e+00   0.0000000e+00   0.0000000e+00   0.0000000e+00   0.0000000e+00   0.0000000e+00   0.0000000e+00   0.0000000e+00   0.0000000e+00   0.0000000e+00   0.0000000e+00   0.0000000e+00   0.0000000e+00   0.0000000e+00   0.0000000e+00   0.0000000e+00   3.2692468e-04   0.0000000e+00
   3.1490898e-03   1.3103754e-03   3.9887450e-04   9.4207800e-04   0.0000000e+00   1.1095434e-02   1.3684110e-03   2.9623498e-04   0.0000000e+00   0.0000000e+00   0.0000000e+00   0.0000000e+00   0.0000000e+00   0.0000000e+00   1.1283926e-04   0.0000000e+00   0.0000000e+00   0.0000000e+00   0.0000000e+00   0.0000000e+00   0.0000000e+00   0.0000000e+00   0.0000000e+00   0.0000000e+00   0.0000000e+00   0.0000000e+00   0.0000000e+00   0.0000000e+00   4.2706415e-03   0.0000000e+00   0.0000000e+00   0.0000000e+00   0.0000000e+00   0.0000000e+00   0.0000000e+00   0.0000000e+00   0.0000000e+00   0.0000000e+00   0.0000000e+00   0.0000000e+00   0.0000000e+00   0.0000000e+00   0.0000000e+00   0.0000000e+00   0.0000000e+00   0.0000000e+00   0.0000000e+00   0.0000000e+00   0.0000000e+00   0.0000000e+00   0.0000000e+00   0.0000000e+00   0.0000000e+00   0.0000000e+00   0.0000000e+00   0.0000000e+00   8.7394336e-04   0.0000000e+00   1.5564414e-03   0.0000000e+00   5.9243535e-03   1.8880137e-03   0.0000000e+00   0.0000000e+00   0.0000000e+00   0.0000000e+00   0.0000000e+00   0.0000000e+00   0.0000000e+00   0.0000000e+00   0.0000000e+00   0.0000000e+00   3.1099603e-03   0.0000000e+00   6.5568452e-03   0.0000000e+00   1.4210521e-02   1.8771489e-03   4.5487803e-04   0.0000000e+00   1.3349722e-02   0.0000000e+00   7.2450815e-03   0.0000000e+00   4.8683678e-03   3.1765263e-04   8.8284360e-03   0.0000000e+00   1.0766401e-02   0.0000000e+00   2.1358081e-03   0.0000000e+00   4.6734508e-04   0.0000000e+00   0.0000000e+00   0.0000000e+00   0.0000000e+00   0.0000000e+00   0.0000000e+00   0.0000000e+00   1.5459193e-03   0.0000000e+00   0.0000000e+00   0.0000000e+00   0.0000000e+00   0.0000000e+00   1.0440557e-03   0.0000000e+00   5.5181538e-04   0.0000000e+00
   9.5420486e-04   4.8619874e-04   0.0000000e+00   1.0621614e-03   1.1095434e-02   0.0000000e+00   0.0000000e+00   0.0000000e+00   0.0000000e+00   0.0000000e+00   0.0000000e+00   0.0000000e+00   0.0000000e+00   0.0000000e+00   0.0000000e+00   0.0000000e+00   5.3159424e-04   0.0000000e+00   0.0000000e+00   0.0000000e+00   0.0000000e+00   0.0000000e+00   0.0000000e+00   0.0000000e+00   0.0000000e+00   0.0000000e+00   0.0000000e+00   0.0000000e+00   7.1545267e-03   0.0000000e+00   0.0000000e+00   0.0000000e+00   0.0000000e+00   0.0000000e+00   0.0000000e+00   0.0000000e+00   0.0000000e+00   0.0000000e+00   0.0000000e+00   0.0000000e+00   0.0000000e+00   0.0000000e+00   0.0000000e+00   0.0000000e+00   0.0000000e+00   0.0000000e+00   0.0000000e+00   0.0000000e+00   0.0000000e+00   0.0000000e+00   0.0000000e+00   0.0000000e+00   0.0000000e+00   0.0000000e+00   0.0000000e+00   0.0000000e+00   0.0000000e+00   0.0000000e+00   0.0000000e+00   0.0000000e+00   0.0000000e+00   0.0000000e+00   9.4421262e-04   0.0000000e+00   0.0000000e+00   0.0000000e+00   0.0000000e+00   0.0000000e+00   4.7059315e-04   0.0000000e+00   0.0000000e+00   0.0000000e+00   3.8681906e-04   0.0000000e+00   0.0000000e+00   0.0000000e+00   0.0000000e+00   0.0000000e+00   3.5436115e-03   0.0000000e+00   5.9905995e-03   0.0000000e+00   6.2695441e-03   0.0000000e+00   0.0000000e+00   0.0000000e+00   0.0000000e+00   0.0000000e+00   0.0000000e+00   0.0000000e+00   0.0000000e+00   0.0000000e+00   0.0000000e+00   0.0000000e+00   0.0000000e+00   0.0000000e+00   0.0000000e+00   0.0000000e+00   0.0000000e+00   0.0000000e+00   0.0000000e+00   0.0000000e+00   0.0000000e+00   0.0000000e+00   0.0000000e+00   0.0000000e+00   0.0000000e+00   0.0000000e+00   0.0000000e+00   0.0000000e+00
   3.9146759e-03   0.0000000e+00   0.0000000e+00   1.6223354e-03   1.3684110e-03   0.0000000e+00   0.0000000e+00   0.0000000e+00   3.0079697e-03   0.0000000e+00   0.0000000e+00   0.0000000e+00   0.0000000e+00   4.0409772e-03   7.0856183e-04   5.0031315e-04   0.0000000e+00   0.0000000e+00   0.0000000e+00   0.0000000e+00   0.0000000e+00   0.0000000e+00   0.0000000e+00   0.0000000e+00   0.0000000e+00   0.0000000e+00   0.0000000e+00   0.0000000e+00   0.0000000e+00   0.0000000e+00   0.0000000e+00   0.0000000e+00   0.0000000e+00   0.0000000e+00   0.0000000e+00   0.0000000e+00   0.0000000e+00   0.0000000e+00   0.0000000e+00   0.0000000e+00   0.0000000e+00   0.0000000e+00   0.0000000e+00   0.0000000e+00   0.0000000e+00   0.0000000e+00   0.0000000e+00   0.0000000e+00   0.0000000e+00   0.0000000e+00   0.0000000e+00   0.0000000e+00   0.0000000e+00   0.0000000e+00   0.0000000e+00   0.0000000e+00   0.0000000e+00   0.0000000e+00   0.0000000e+00   0.0000000e+00   0.0000000e+00   0.0000000e+00   1.3801930e-02   7.9411298e-03   0.0000000e+00   0.0000000e+00   9.8729905e-03   0.0000000e+00   4.6095009e-03   1.5828134e-03   4.0972419e-04   0.0000000e+00   0.0000000e+00   0.0000000e+00   0.0000000e+00   0.0000000e+00   0.0000000e+00   0.0000000e+00   0.0000000e+00   0.0000000e+00   0.0000000e+00   0.0000000e+00   0.0000000e+00   0.0000000e+00   0.0000000e+00   0.0000000e+00   0.0000000e+00   0.0000000e+00   0.0000000e+00   0.0000000e+00   0.0000000e+00   0.0000000e+00   0.0000000e+00   0.0000000e+00   0.0000000e+00   0.0000000e+00   0.0000000e+00   0.0000000e+00   0.0000000e+00   0.0000000e+00   0.0000000e+00   0.0000000e+00   0.0000000e+00   0.0000000e+00   0.0000000e+00   0.0000000e+00   0.0000000e+00   0.0000000e+00   0.0000000e+00   0.0000000e+00
   1.7940694e-03   0.0000000e+00   0.0000000e+00   0.0000000e+00   2.9623498e-04   0.0000000e+00   0.0000000e+00   0.0000000e+00   2.3609729e-02   6.3699467e-03   1.1784953e-02   7.6488643e-03   3.1833352e-03   2.3529214e-03   4.6184931e-04   2.0588220e-03   0.0000000e+00   1.2175937e-03   9.1337738e-04   3.4000909e-03   0.0000000e+00   2.8522017e-04   0.0000000e+00   4.2176863e-03   0.0000000e+00   0.0000000e+00   0.0000000e+00   3.0175164e-04   0.0000000e+00   1.4122276e-03   0.0000000e+00   0.0000000e+00   0.0000000e+00   0.0000000e+00   0.0000000e+00   0.0000000e+00   0.0000000e+00   0.0000000e+00   0.0000000e+00   0.0000000e+00   0.0000000e+00   0.0000000e+00   0.0000000e+00   0.0000000e+00   0.0000000e+00   0.0000000e+00   0.0000000e+00   2.2792223e-04   0.0000000e+00   1.3512246e-03   0.0000000e+00   0.0000000e+00   0.0000000e+00   0.0000000e+00   0.0000000e+00   0.0000000e+00   0.0000000e+00   6.2832635e-04   0.0000000e+00   0.0000000e+00   0.0000000e+00   6.1165507e-03   0.0000000e+00   7.3980292e-04   0.0000000e+00   0.0000000e+00   0.0000000e+00   3.9757528e-04   0.0000000e+00   0.0000000e+00   0.0000000e+00   0.0000000e+00   0.0000000e+00   1.0924157e-03   0.0000000e+00   7.4420058e-04   0.0000000e+00   7.9085944e-04   0.0000000e+00   1.8807197e-03   0.0000000e+00   8.7676234e-03   0.0000000e+00   0.0000000e+00   0.0000000e+00   4.3241829e-03   0.0000000e+00   3.6802843e-03   0.0000000e+00   2.7554977e-03   0.0000000e+00   0.0000000e+00   0.0000000e+00   2.7459023e-03   0.0000000e+00   1.9570812e-03   0.0000000e+00   0.0000000e+00   0.0000000e+00   0.0000000e+00   0.0000000e+00   4.1134211e-04   0.0000000e+00   0.0000000e+00   0.0000000e+00   0.0000000e+00   0.0000000e+00   1.6157236e-03   0.0000000e+00   2.8639562e-03
   0.0000000e+00   3.6222107e-03   0.0000000e+00   0.0000000e+00   0.0000000e+00   0.0000000e+00   3.0079697e-03   2.3609729e-02   0.0000000e+00   5.1815189e-03   8.2113589e-03   0.0000000e+00   0.0000000e+00   2.0791538e-03   7.0082770e-04   8.4951926e-04   0.0000000e+00   3.7375179e-04   0.0000000e+00   0.0000000e+00   0.0000000e+00   0.0000000e+00   0.0000000e+00   0.0000000e+00   0.0000000e+00   0.0000000e+00   0.0000000e+00   3.0777295e-04   0.0000000e+00   0.0000000e+00   0.0000000e+00   0.0000000e+00   0.0000000e+00   0.0000000e+00   0.0000000e+00   0.0000000e+00   0.0000000e+00   0.0000000e+00   0.0000000e+00   0.0000000e+00   0.0000000e+00   0.0000000e+00   0.0000000e+00   0.0000000e+00   0.0000000e+00   0.0000000e+00   0.0000000e+00   0.0000000e+00   0.0000000e+00   0.0000000e+00   0.0000000e+00   0.0000000e+00   0.0000000e+00   0.0000000e+00   0.0000000e+00   0.0000000e+00   0.0000000e+00   0.0000000e+00   0.0000000e+00   0.0000000e+00   0.0000000e+00   0.0000000e+00   0.0000000e+00   3.7193822e-03   0.0000000e+00   0.0000000e+00   0.0000000e+00   0.0000000e+00   4.9107996e-04   1.9685672e-03   9.3774960e-04   2.8595788e-04   0.0000000e+00   0.0000000e+00   0.0000000e+00   0.0000000e+00   0.0000000e+00   0.0000000e+00   0.0000000e+00   0.0000000e+00   0.0000000e+00   0.0000000e+00   0.0000000e+00   0.0000000e+00   0.0000000e+00   5.4136529e-04   0.0000000e+00   0.0000000e+00   0.0000000e+00   0.0000000e+00   0.0000000e+00   0.0000000e+00   0.0000000e+00   9.4564862e-04   0.0000000e+00   0.0000000e+00   0.0000000e+00   0.0000000e+00   0.0000000e+00   0.0000000e+00   0.0000000e+00   0.0000000e+00   0.0000000e+00   0.0000000e+00   0.0000000e+00   0.0000000e+00   0.0000000e+00   0.0000000e+00   0.0000000e+00   1.3754950e-03
   0.0000000e+00   0.0000000e+00   0.0000000e+00   0.0000000e+00   0.0000000e+00   0.0000000e+00   0.0000000e+00   6.3699467e-03   5.1815189e-03   0.0000000e+00   7.8163635e-03   6.3271492e-04   2.1568122e-03   1.8879137e-03   4.7635753e-04   5.5233601e-03   0.0000000e+00   5.9629669e-04   0.0000000e+00   3.4322109e-03   0.0000000e+00   5.5097967e-04   0.0000000e+00   1.0893990e-02   0.0000000e+00   1.0093648e-03   0.0000000e+00   3.5852201e-03   0.0000000e+00   7.1073525e-04   0.0000000e+00   0.0000000e+00   0.0000000e+00   0.0000000e+00   0.0000000e+00   0.0000000e+00   0.0000000e+00   0.0000000e+00   0.0000000e+00   0.0000000e+00   0.0000000e+00   0.0000000e+00   0.0000000e+00   0.0000000e+00   0.0000000e+00   0.0000000e+00   0.0000000e+00   2.6363681e-03   0.0000000e+00   7.3662225e-04   0.0000000e+00   0.0000000e+00   0.0000000e+00   0.0000000e+00   0.0000000e+00   0.0000000e+00   0.0000000e+00   1.4669110e-03   0.0000000e+00   5.7593086e-04   0.0000000e+00   0.0000000e+00   0.0000000e+00   4.8174984e-03   0.0000000e+00   0.0000000e+00   0.0000000e+00   0.0000000e+00   0.0000000e+00   0.0000000e+00   0.0000000e+00   0.0000000e+00   0.0000000e+00   7.7765944e-04   0.0000000e+00   8.2264863e-04   0.0000000e+00   0.0000000e+00   0.0000000e+00   2.7260758e-03   0.0000000e+00   1.1232469e-03   0.0000000e+00   0.0000000e+00   0.0000000e+00   0.0000000e+00   0.0000000e+00   0.0000000e+00   0.0000000e+00   0.0000000e+00   0.0000000e+00   0.0000000e+00   0.0000000e+00   0.0000000e+00   0.0000000e+00   9.8773808e-04   0.0000000e+00   0.0000000e+00   0.0000000e+00   0.0000000e+00   0.0000000e+00   0.0000000e+00   0.0000000e+00   0.0000000e+00   0.0000000e+00   0.0000000e+00   0.0000000e+00   0.0000000e+00   0.0000000e+00   4.1412632e-04
   0.0000000e+00   0.0000000e+00   0.0000000e+00   0.0000000e+00   0.0000000e+00   0.0000000e+00   0.0000000e+00   1.1784953e-02   8.2113589e-03   7.8163635e-03   0.0000000e+00   1.7426183e-03   7.9156689e-04   0.0000000e+00   0.0000000e+00   1.0362866e-03   0.0000000e+00   0.0000000e+00   0.0000000e+00   2.1199469e-03   0.0000000e+00   0.0000000e+00   0.0000000e+00   1.3843654e-03   0.0000000e+00   0.0000000e+00   0.0000000e+00   4.3565688e-03   0.0000000e+00   2.6332628e-04   0.0000000e+00   0.0000000e+00   0.0000000e+00   0.0000000e+00   0.0000000e+00   0.0000000e+00   0.0000000e+00   0.0000000e+00   0.0000000e+00   0.0000000e+00   0.0000000e+00   0.0000000e+00   0.0000000e+00   0.0000000e+00   0.0000000e+00   0.0000000e+00   0.0000000e+00   1.6590049e-03   0.0000000e+00   0.0000000e+00   0.0000000e+00   0.0000000e+00   0.0000000e+00   0.0000000e+00   0.0000000e+00   0.0000000e+00   0.0000000e+00   1.9333921e-04   0.0000000e+00   0.0000000e+00   0.0000000e+00   0.0000000e+00   0.0000000e+00   0.0000000e+00   0.0000000e+00   0.0000000e+00   0.0000000e+00   0.0000000e+00   0.0000000e+00   0.0000000e+00   0.0000000e+00   0.0000000e+00   0.0000000e+00   4.0384548e-04   0.0000000e+00   0.0000000e+00   0.0000000e+00   0.0000000e+00   0.0000000e+00   0.0000000e+00   0.0000000e+00   5.4400393e-04   0.0000000e+00   0.0000000e+00   0.0000000e+00   0.0000000e+00   0.0000000e+00   0.0000000e+00   0.0000000e+00   0.0000000e+00   0.0000000e+00   0.0000000e+00   0.0000000e+00   0.0000000e+00   0.0000000e+00   0.0000000e+00   0.0000000e+00   0.0000000e+00   0.0000000e+00   0.0000000e+00   0.0000000e+00   0.0000000e+00   0.0000000e+00   0.0000000e+00   0.0000000e+00   0.0000000e+00   0.0000000e+00   0.0000000e+00   0.0000000e+00   0.0000000e+00
   0.0000000e+00   0.0000000e+00   0.0000000e+00   0.0000000e+00   0.0000000e+00   0.0000000e+00   0.0000000e+00   7.6488643e-03   0.0000000e+00   6.3271492e-04   1.7426183e-03   0.0000000e+00   8.1165773e-03   0.0000000e+00   1.0747589e-04   6.5460778e-05   0.0000000e+00   1.5108629e-03   0.0000000e+00   0.0000000e+00   0.0000000e+00   0.0000000e+00   0.0000000e+00   0.0000000e+00   0.0000000e+00   0.0000000e+00   0.0000000e+00   0.0000000e+00   0.0000000e+00   3.6764203e-03   0.0000000e+00   0.0000000e+00   0.0000000e+00   0.0000000e+00   0.0000000e+00   0.0000000e+00   0.0000000e+00   0.0000000e+00   0.0000000e+00   0.0000000e+00   0.0000000e+00   8.9786193e-04   0.0000000e+00   0.0000000e+00   0.0000000e+00   0.0000000e+00   0.0000000e+00   0.0000000e+00   0.0000000e+00   0.0000000e+00   0.0000000e+00   0.0000000e+00   0.0000000e+00   0.0000000e+00   0.0000000e+00   0.0000000e+00   0.0000000e+00   2.5838609e-04   0.0000000e+00   3.7586629e-04   0.0000000e+00   9.5235673e-03   0.0000000e+00   3.7033389e-04   0.0000000e+00   0.0000000e+00   0.0000000e+00   7.4276641e-04   0.0000000e+00   0.0000000e+00   0.0000000e+00   0.0000000e+00   0.0000000e+00   7.4613987e-03   0.0000000e+00   5.5612001e-03   0.0000000e+00   1.2921692e-03   0.0000000e+00   6.9374368e-03   0.0000000e+00   1.5922697e-02   0.0000000e+00   8.1236821e-03   0.0000000e+00   7.2251965e-03   0.0000000e+00   3.8156221e-03   0.0000000e+00   8.4401848e-03   0.0000000e+00   1.9332625e-03   0.0000000e+00   1.7939279e-03   0.0000000e+00   0.0000000e+00   0.0000000e+00   0.0000000e+00   0.0000000e+00   0.0000000e+00   0.0000000e+00   9.6402524e-04   0.0000000e+00   0.0000000e+00   0.0000000e+00   0.0000000e+00   0.0000000e+00   4.3524236e-03   0.0000000e+00   2.6391611e-04
   0.0000000e+00   0.0000000e+00   0.0000000e+00   0.0000000e+00   0.0000000e+00   0.0000000e+00   0.0000000e+00   3.1833352e-03   0.0000000e+00   2.1568122e-03   7.9156689e-04   8.1165773e-03   0.0000000e+00   1.1832388e-03   1.1434187e-04   1.0917907e-03   0.0000000e+00   3.2232123e-03   0.0000000e+00   0.0000000e+00   0.0000000e+00   0.0000000e+00   0.0000000e+00   0.0000000e+00   0.0000000e+00   0.0000000e+00   0.0000000e+00   0.0000000e+00   0.0000000e+00   6.4346040e-03   0.0000000e+00   0.0000000e+00   0.0000000e+00   0.0000000e+00   0.0000000e+00   0.0000000e+00   0.0000000e+00   0.0000000e+00   0.0000000e+00   0.0000000e+00   0.0000000e+00   0.0000000e+00   0.0000000e+00   0.0000000e+00   0.0000000e+00   0.0000000e+00   0.0000000e+00   0.0000000e+00   0.0000000e+00   0.0000000e+00   0.0000000e+00   0.0000000e+00   0.0000000e+00   0.0000000e+00   0.0000000e+00   0.0000000e+00   0.0000000e+00   0.0000000e+00   0.0000000e+00   0.0000000e+00   0.0000000e+00   0.0000000e+00   2.5597489e-03   1.1788365e-02   0.0000000e+00   0.0000000e+00   0.0000000e+00   3.3467997e-03   8.0438872e-04   5.1041654e-04   0.0000000e+00   0.0000000e+00   0.0000000e+00   6.2370460e-04   0.0000000e+00   0.0000000e+00   0.0000000e+00   0.0000000e+00   0.0000000e+00   1.0850137e-02   0.0000000e+00   1.2581396e-02   0.0000000e+00   3.3155404e-04   0.0000000e+00   0.0000000e+00   0.0000000e+00   0.0000000e+00   0.0000000e+00   0.0000000e+00   0.0000000e+00   0.0000000e+00   0.0000000e+00   0.0000000e+00   0.0000000e+00   0.0000000e+00   0.0000000e+00   0.0000000e+00   0.0000000e+00   0.0000000e+00   0.0000000e+00   0.0000000e+00   0.0000000e+00   0.0000000e+00   0.0000000e+00   0.0000000e+00   0.0000000e+00   0.0000000e+00   0.0000000e+00   0.0000000e+00
   0.0000000e+00   1.9573758e-03   0.0000000e+00   0.0000000e+00   0.0000000e+00   0.0000000e+00   4.0409772e-03   2.3529214e-03   2.0791538e-03   1.8879137e-03   0.0000000e+00   0.0000000e+00   1.1832388e-03   0.0000000e+00   7.6411497e-04   2.3049408e-04   0.0000000e+00   0.0000000e+00   0.0000000e+00   0.0000000e+00   0.0000000e+00   0.0000000e+00   0.0000000e+00   0.0000000e+00   0.0000000e+00   0.0000000e+00   0.0000000e+00   0.0000000e+00   0.0000000e+00   5.0545697e-04   0.0000000e+00   0.0000000e+00   0.0000000e+00   0.0000000e+00   0.0000000e+00   0.0000000e+00   0.0000000e+00   0.0000000e+00   0.0000000e+00   0.0000000e+00   0.0000000e+00   0.0000000e+00   0.0000000e+00   0.0000000e+00   0.0000000e+00   0.0000000e+00   0.0000000e+00   0.0000000e+00   0.0000000e+00   0.0000000e+00   0.0000000e+00   0.0000000e+00   0.0000000e+00   0.0000000e+00   0.0000000e+00   0.0000000e+00   0.0000000e+00   0.0000000e+00   0.0000000e+00   0.0000000e+00   0.0000000e+00   0.0000000e+00   5.2663270e-03   1.1422476e-02   0.0000000e+00   0.0000000e+00   0.0000000e+00   5.6654230e-03   2.1812218e-03   5.0757234e-03   2.0425047e-03   1.1108496e-03   0.0000000e+00   0.0000000e+00   0.0000000e+00   0.0000000e+00   0.0000000e+00   0.0000000e+00   0.0000000e+00   2.0069667e-03   0.0000000e+00   7.3081471e-04   0.0000000e+00   0.0000000e+00   0.0000000e+00   0.0000000e+00   0.0000000e+00   0.0000000e+00   0.0000000e+00   0.0000000e+00   0.0000000e+00   0.0000000e+00   0.0000000e+00   0.0000000e+00   0.0000000e+00   0.0000000e+00   0.0000000e+00   0.0000000e+00   0.0000000e+00   0.0000000e+00   0.0000000e+00   0.0000000e+00   0.0000000e+00   0.0000000e+00   0.0000000e+00   0.0000000e+00   0.0000000e+00   0.0000000e+00   0.0000000e+00   0.0000000e+00
   7.2711310e-03   4.0964766e-03   1.3083327e-02   2.3623544e-03   1.1283926e-04   0.0000000e+00   7.0856183e-04   4.6184931e-04   7.0082770e-04   4.7635753e-04   0.0000000e+00   1.0747589e-04   1.1434187e-04   7.6411497e-04   0.0000000e+00   5.1207763e-03   2.2680356e-03   1.0464626e-04   2.4276843e-03   7.8529193e-04   5.4928461e-03   0.0000000e+00   5.9119468e-03   0.0000000e+00   1.4507348e-03   0.0000000e+00   0.0000000e+00   0.0000000e+00   7.8767340e-05   0.0000000e+00   0.0000000e+00   0.0000000e+00   3.6580282e-04   0.0000000e+00   0.0000000e+00   0.0000000e+00   0.0000000e+00   0.0000000e+00   0.0000000e+00   0.0000000e+00   0.0000000e+00   0.0000000e+00   0.0000000e+00   0.0000000e+00   0.0000000e+00   0.0000000e+00   0.0000000e+00   0.0000000e+00   0.0000000e+00   0.0000000e+00   0.0000000e+00   0.0000000e+00   0.0000000e+00   0.0000000e+00   0.0000000e+00   0.0000000e+00   6.6698178e-04   0.0000000e+00   3.7773092e-04   0.0000000e+00   0.0000000e+00   0.0000000e+00   3.5002795e-03   6.5014729e-03   0.0000000e+00   0.0000000e+00   7.2341144e-04   2.3496012e-04   4.5845707e-03   8.3105340e-03   1.6293833e-03   4.4612933e-04   0.0000000e+00   0.0000000e+00   0.0000000e+00   0.0000000e+00   0.0000000e+00   0.0000000e+00   5.8323457e-03   0.0000000e+00   8.4802559e-05   0.0000000e+00   0.0000000e+00   0.0000000e+00   0.0000000e+00   0.0000000e+00   0.0000000e+00   0.0000000e+00   0.0000000e+00   0.0000000e+00   0.0000000e+00   0.0000000e+00   0.0000000e+00   0.0000000e+00   1.6844364e-03   0.0000000e+00   0.0000000e+00   0.0000000e+00   0.0000000e+00   0.0000000e+00   0.0000000e+00   0.0000000e+00   0.0000000e+00   0.0000000e+00   3.8563045e-04   0.0000000e+00   0.0000000e+00   0.0000000e+00   2.8634943e-04   0.0000000e+00
   0.0000000e+00   5.4623509e-04   0.0000000e+00   0.0000000e+00   0.0000000e+00   0.0000000e+00   5.0031315e-04   2.0588220e-03   8.4951926e-04   5.5233601e-03   1.0362866e-03   6.5460778e-05   1.0917907e-03   2.3049408e-04   5.1207763e-03   0.0000000e+00   0.0000000e+00   5.3137608e-04   2.0923377e-03   4.7969596e-03   0.0000000e+00   5.0370753e-03   0.0000000e+00   4.0724355e-03   0.0000000e+00   8.7788285e-04   0.0000000e+00   2.0751563e-04   0.0000000e+00   2.3176857e-03   0.0000000e+00   0.0000000e+00   0.0000000e+00   0.0000000e+00   0.0000000e+00   0.0000000e+00   0.0000000e+00   0.0000000e+00   0.0000000e+00   0.0000000e+00   0.0000000e+00   0.0000000e+00   0.0000000e+00   0.0000000e+00   0.0000000e+00   0.0000000e+00   0.0000000e+00   0.0000000e+00   0.0000000e+00   0.0000000e+00   0.0000000e+00   0.0000000e+00   0.0000000e+00   0.0000000e+00   0.0000000e+00   0.0000000e+00   0.0000000e+00   7.6650450e-05   0.0000000e+00   0.0000000e+00   0.0000000e+00   0.0000000e+00   8.0657484e-04   1.7861191e-03   0.0000000e+00   0.0000000e+00   0.0000000e+00   3.4702012e-04   1.0410304e-03   4.9158369e-03   4.0693227e-04   5.2001738e-04   0.0000000e+00   0.0000000e+00   0.0000000e+00   0.0000000e+00   0.0000000e+00   0.0000000e+00   0.0000000e+00   5.3559866e-03   0.0000000e+00   0.0000000e+00   0.0000000e+00   0.0000000e+00   0.0000000e+00   0.0000000e+00   0.0000000e+00   2.4261997e-04   0.0000000e+00   0.0000000e+00   0.0000000e+00   0.0000000e+00   0.0000000e+00   0.0000000e+00   0.0000000e+00   4.1496570e-04   0.0000000e+00   0.0000000e+00   0.0000000e+00   0.0000000e+00   0.0000000e+00   0.0000000e+00   0.0000000e+00   0.0000000e+00   0.0000000e+00   0.0000000e+00   0.0000000e+00   0.0000000e+00   0.0000000e+00   0.0000000e+00
   0.0000000e+00   0.0000000e+00   3.9666831e-04   0.0000000e+00   0.0000000e+00   5.3159424e-04   0.0000000e+00   0.0000000e+00   0.0000000e+00   0.0000000e+00   0.0000000e+00   0.0000000e+00   0.0000000e+00   0.0000000e+00   2.2680356e-03   0.0000000e+00   0.0000000e+00   0.0000000e+00   7.0709033e-04   0.0000000e+00   0.0000000e+00   0.0000000e+00   8.2876073e-04   0.0000000e+00   4.3629561e-03   0.0000000e+00   6.0136027e-04   0.0000000e+00   8.3464238e-03   0.0000000e+00   2.5182065e-03   0.0000000e+00   1.2660089e-03   0.0000000e+00   0.0000000e+00   0.0000000e+00   8.5025261e-04   0.0000000e+00   0.0000000e+00   0.0000000e+00   0.0000000e+00   0.0000000e+00   0.0000000e+00   0.0000000e+00   0.0000000e+00   0.0000000e+00   0.0000000e+00   0.0000000e+00   0.0000000e+00   0.0000000e+00   0.0000000e+00   0.0000000e+00   0.0000000e+00   0.0000000e+00   0.0000000e+00   0.0000000e+00   8.2510572e-04   0.0000000e+00   4.9551046e-03   0.0000000e+00   0.0000000e+00   0.0000000e+00   0.0000000e+00   0.0000000e+00   0.0000000e+00   0.0000000e+00   0.0000000e+00   0.0000000e+00   0.0000000e+00   0.0000000e+00   0.0000000e+00   0.0000000e+00   0.0000000e+00   0.0000000e+00   0.0000000e+00   0.0000000e+00   0.0000000e+00   0.0000000e+00   1.5786772e-02   0.0000000e+00   0.0000000e+00   0.0000000e+00   0.0000000e+00   0.0000000e+00   0.0000000e+00   0.0000000e+00   0.0000000e+00   0.0000000e+00   0.0000000e+00   0.0000000e+00   0.0000000e+00   0.0000000e+00   6.0503782e-04   0.0000000e+00   1.5031459e-02   0.0000000e+00   2.0026266e-02   0.0000000e+00   6.7331525e-03   0.0000000e+00   2.4252652e-02   6.8290182e-04   8.2412138e-03   0.0000000e+00   3.7160880e-03   0.0000000e+00   0.0000000e+00   0.0000000e+00   5.2275554e-04   0.0000000e+00
   0.0000000e+00   0.0000000e+00   0.0000000e+00   0.0000000e+00   0.0000000e+00   0.0000000e+00   0.0000000e+00   1.2175937e-03   3.7375179e-04   5.9629669e-04   0.0000000e+00   1.5108629e-03   3.2232123e-03   0.0000000e+00   1.0464626e-04   5.3137608e-04   0.0000000e+00   0.0000000e+00   0.0000000e+00   1.5204720e-03   0.0000000e+00   0.0000000e+00   0.0000000e+00   9.2886304e-03   0.0000000e+00   5.1095792e-03   0.0000000e+00   1.2943674e-03   0.0000000e+00   2.0706196e-02   0.0000000e+00   1.1194578e-04   0.0000000e+00   3.8703707e-04   0.0000000e+00   0.0000000e+00   0.0000000e+00   0.0000000e+00   0.0000000e+00   4.7018252e-04   0.0000000e+00   0.0000000e+00   0.0000000e+00   0.0000000e+00   0.0000000e+00   0.0000000e+00   0.0000000e+00   1.4700121e-03   0.0000000e+00   3.3532606e-04   0.0000000e+00   1.6474378e-03   0.0000000e+00   0.0000000e+00   0.0000000e+00   0.0000000e+00   0.0000000e+00   3.3005401e-03   0.0000000e+00   1.9075152e-03   0.0000000e+00   4.3126087e-03   0.0000000e+00   0.0000000e+00   0.0000000e+00   0.0000000e+00   0.0000000e+00   0.0000000e+00   0.0000000e+00   0.0000000e+00   0.0000000e+00   0.0000000e+00   0.0000000e+00   0.0000000e+00   0.0000000e+00   0.0000000e+00   0.0000000e+00   5.2473621e-04   0.0000000e+00   2.2473835e-02   0.0000000e+00   2.1920450e-03   0.0000000e+00   0.0000000e+00   0.0000000e+00   4.4344523e-03   0.0000000e+00   0.0000000e+00   0.0000000e+00   0.0000000e+00   0.0000000e+00   0.0000000e+00   0.0000000e+00   6.6208829e-03   0.0000000e+00   2.7716820e-02   0.0000000e+00   1.9930414e-02   0.0000000e+00   5.4957119e-03   0.0000000e+00   2.2693115e-02   0.0000000e+00   1.1362384e-02   0.0000000e+00   1.3222880e-03   0.0000000e+00   0.0000000e+00   0.0000000e+00   2.9714889e-03
   2.6289414e-03   0.0000000e+00   4.0416288e-03   1.8935085e-03   0.0000000e+00   0.0000000e+00   0.0000000e+00   9.1337738e-04   0.0000000e+00   0.0000000e+00   0.0000000e+00   0.0000000e+00   0.0000000e+00   0.0000000e+00   2.4276843e-03   2.0923377e-03   7.0709033e-04   0.0000000e+00   0.0000000e+00   2.2946578e-02   8.2471591e-03   0.0000000e+00   0.0000000e+00   0.0000000e+00   6.7632362e-04   0.0000000e+00   3.0787940e-03   3.8726086e-03   0.0000000e+00   0.0000000e+00   0.0000000e+00   0.0000000e+00   6.0819364e-04   0.0000000e+00   0.0000000e+00   0.0000000e+00   0.0000000e+00   0.0000000e+00   0.0000000e+00   0.0000000e+00   0.0000000e+00   0.0000000e+00   0.0000000e+00   0.0000000e+00   0.0000000e+00   0.0000000e+00   0.0000000e+00   0.0000000e+00   0.0000000e+00   0.0000000e+00   0.0000000e+00   0.0000000e+00   0.0000000e+00   0.0000000e+00   0.0000000e+00   0.0000000e+00   0.0000000e+00   0.0000000e+00   0.0000000e+00   0.0000000e+00   0.0000000e+00   0.0000000e+00   0.0000000e+00   0.0000000e+00   6.5548840e-03   1.2368063e-02   0.0000000e+00   0.0000000e+00   6.2952468e-03   3.4992900e-03   2.8244887e-03   9.2169269e-04   3.2107182e-04   1.9613550e-04   0.0000000e+00   0.0000000e+00   0.0000000e+00   0.0000000e+00   0.0000000e+00   0.0000000e+00   0.0000000e+00   0.0000000e+00   0.0000000e+00   0.0000000e+00   0.0000000e+00   0.0000000e+00   0.0000000e+00   0.0000000e+00   0.0000000e+00   0.0000000e+00   0.0000000e+00   0.0000000e+00   0.0000000e+00   0.0000000e+00   0.0000000e+00   0.0000000e+00   0.0000000e+00   0.0000000e+00   0.0000000e+00   0.0000000e+00   0.0000000e+00   0.0000000e+00   0.0000000e+00   0.0000000e+00   6.6788812e-04   0.0000000e+00   0.0000000e+00   0.0000000e+00   0.0000000e+00   0.0000000e+00
   0.0000000e+00   0.0000000e+00   0.0000000e+00   0.0000000e+00   0.0000000e+00   0.0000000e+00   0.0000000e+00   3.4000909e-03   0.0000000e+00   3.4322109e-03   2.1199469e-03   0.0000000e+00   0.0000000e+00   0.0000000e+00   7.8529193e-04   4.7969596e-03   0.0000000e+00   1.5204720e-03   2.2946578e-02   0.0000000e+00   0.0000000e+00   1.0097291e-02   0.0000000e+00   2.6390923e-04   0.0000000e+00   2.6777393e-03   1.9899520e-03   7.3102341e-03   0.0000000e+00   0.0000000e+00   0.0000000e+00   0.0000000e+00   0.0000000e+00   0.0000000e+00   0.0000000e+00   0.0000000e+00   0.0000000e+00   0.0000000e+00   0.0000000e+00   0.0000000e+00   0.0000000e+00   0.0000000e+00   0.0000000e+00   0.0000000e+00   0.0000000e+00   0.0000000e+00   0.0000000e+00   0.0000000e+00   0.0000000e+00   0.0000000e+00   0.0000000e+00   0.0000000e+00   0.0000000e+00   0.0000000e+00   0.0000000e+00   0.0000000e+00   0.0000000e+00   0.0000000e+00   0.0000000e+00   0.0000000e+00   0.0000000e+00   0.0000000e+00   0.0000000e+00   0.0000000e+00   1.4803132e-02   5.0309114e-03   0.0000000e+00   0.0000000e+00   1.6282909e-03   2.5025398e-03   4.3579490e-04   1.2607071e-03   0.0000000e+00   1.0097201e-03   0.0000000e+00   0.0000000e+00   0.0000000e+00   0.0000000e+00   0.0000000e+00   0.0000000e+00   0.0000000e+00   1.4006423e-03   0.0000000e+00   4.7509059e-04   0.0000000e+00   0.0000000e+00   0.0000000e+00   0.0000000e+00   0.0000000e+00   0.0000000e+00   0.0000000e+00   0.0000000e+00   0.0000000e+00   0.0000000e+00   0.0000000e+00   0.0000000e+00   0.0000000e+00   2.9734940e-04   0.0000000e+00   0.0000000e+00   0.0000000e+00   0.0000000e+00   0.0000000e+00   0.0000000e+00   0.0000000e+00   0.0000000e+00   0.0000000e+00   0.0000000e+00   0.0000000e+00   0.0000000e+00
   0.0000000e+00   0.0000000e+00   0.0000000e+00   0.0000000e+00   0.0000000e+00   0.0000000e+00   0.0000000e+00   0.0000000e+00   0.0000000e+00   0.0000000e+00   0.0000000e+00   0.0000000e+00   0.0000000e+00   0.0000000e+00   5.4928461e-03   0.0000000e+00   0.0000000e+00   0.0000000e+00   8.2471591e-03   0.0000000e+00   0.0000000e+00   0.0000000e+00   2.8585206e-03   0.0000000e+00   7.8992275e-03   0.0000000e+00   9.7437113e-03   0.0000000e+00   0.0000000e+00   0.0000000e+00   0.0000000e+00   0.0000000e+00   0.0000000e+00   0.0000000e+00   0.0000000e+00   0.0000000e+00   5.7755012e-04   0.0000000e+00   1.5404665e-03   0.0000000e+00   0.0000000e+00   0.0000000e+00   0.0000000e+00   0.0000000e+00   0.0000000e+00   0.0000000e+00   1.1366715e-03   0.0000000e+00   0.0000000e+00   0.0000000e+00   0.0000000e+00   0.0000000e+00   0.0000000e+00   0.0000000e+00   0.0000000e+00   0.0000000e+00   0.0000000e+00   0.0000000e+00   0.0000000e+00   0.0000000e+00   0.0000000e+00   0.0000000e+00   0.0000000e+00   0.0000000e+00   0.0000000e+00   0.0000000e+00   0.0000000e+00   0.0000000e+00   0.0000000e+00   0.0000000e+00   0.0000000e+00   0.0000000e+00   0.0000000e+00   0.0000000e+00   0.0000000e+00   0.0000000e+00   0.0000000e+00   0.0000000e+00   0.0000000e+00   0.0000000e+00   0.0000000e+00   0.0000000e+00   0.0000000e+00   0.0000000e+00   0.0000000e+00   0.0000000e+00   0.0000000e+00   0.0000000e+00   0.0000000e+00   0.0000000e+00   0.0000000e+00   0.0000000e+00   0.0000000e+00   0.0000000e+00   0.0000000e+00   0.0000000e+00   0.0000000e+00   0.0000000e+00   0.0000000e+00   0.0000000e+00   0.0000000e+00   0.0000000e+00   0.0000000e+00   0.0000000e+00   0.0000000e+00   0.0000000e+00   0.0000000e+00   0.0000000e+00   0.0000000e+00   0.0000000e+00
   0.0000000e+00   0.0000000e+00   0.0000000e+00   0.0000000e+00   0.0000000e+00   0.0000000e+00   0.0000000e+00   2.8522017e-04   0.0000000e+00   5.5097967e-04   0.0000000e+00   0.0000000e+00   0.0000000e+00   0.0000000e+00   0.0000000e+00   5.0370753e-03   0.0000000e+00   0.0000000e+00   0.0000000e+00   1.0097291e-02   0.0000000e+00   0.0000000e+00   0.0000000e+00   3.1980598e-03   0.0000000e+00   1.5617280e-02   0.0000000e+00   1.8727767e-02   0.0000000e+00   0.0000000e+00   0.0000000e+00   0.0000000e+00   0.0000000e+00   0.0000000e+00   0.0000000e+00   0.0000000e+00   0.0000000e+00   0.0000000e+00   0.0000000e+00   0.0000000e+00   0.0000000e+00   0.0000000e+00   0.0000000e+00   0.0000000e+00   0.0000000e+00   0.0000000e+00   0.0000000e+00   2.7846830e-04   0.0000000e+00   0.0000000e+00   0.0000000e+00   0.0000000e+00   0.0000000e+00   0.0000000e+00   0.0000000e+00   0.0000000e+00   0.0000000e+00   0.0000000e+00   0.0000000e+00   0.0000000e+00   0.0000000e+00   0.0000000e+00   0.0000000e+00   0.0000000e+00   0.0000000e+00   0.0000000e+00   0.0000000e+00   0.0000000e+00   0.0000000e+00   0.0000000e+00   0.0000000e+00   0.0000000e+00   0.0000000e+00   0.0000000e+00   0.0000000e+00   0.0000000e+00   0.0000000e+00   0.0000000e+00   0.0000000e+00   0.0000000e+00   0.0000000e+00   0.0000000e+00   0.0000000e+00   0.0000000e+00   0.0000000e+00   0.0000000e+00   0.0000000e+00   0.0000000e+00   0.0000000e+00   0.0000000e+00   0.0000000e+00   0.0000000e+00   0.0000000e+00   0.0000000e+00   0.0000000e+00   0.0000000e+00   0.0000000e+00   0.0000000e+00   0.0000000e+00   0.0000000e+00   0.0000000e+00   0.0000000e+00   0.0000000e+00   0.0000000e+00   0.0000000e+00   0.0000000e+00   0.0000000e+00   0.0000000e+00   0.0000000e+00   0.0000000e+00
