   0.0000000e+00   1.2067246e-02   1.1001169e-02   5.5096569e-03   5.8522263e-03   3.5169931e-03   8.5585304e-04   8.0387692e-04   0.0000000e+00   0.0000000e+00   0.0000000e+00   0.0000000e+00   0.0000000e+00   0.0000000e+00   2.6517782e-02   0.0000000e+00   0.0000000e+00   0.0000000e+00   1.0361896e-02   0.0000000e+00   6.4634016e-04   0.0000000e+00   0.0000000e+00   0.0000000e+00   9.0759760e-04   0.0000000e+00   2.7978639e-03   0.0000000e+00   1.8184726e-03   0.0000000e+00   0.0000000e+00   0.0000000e+00   0.0000000e+00   0.0000000e+00   0.0000000e+00   0.0000000e+00   0.0000000e+00   0.0000000e+00   0.0000000e+00   0.0000000e+00   0.0000000e+00   0.0000000e+00   0.0000000e+00   0.0000000e+00   0.0000000e+00   0.0000000e+00   3.4904259e-04   0.0000000e+00   4.7773961e-04   0.0000000e+00   0.0000000e+00   0.0000000e+00   0.0000000e+00   0.0000000e+00   0.0000000e+00   0.0000000e+00   5.1355691e-03   7.3528456e-04   4.6367962e-04   0.0000000e+00   4.7147259e-03   1.9117854e-03   0.0000000e+00   0.0000000e+00   0.0000000e+00   0.0000000e+00   1.0518405e-03   0.0000000e+00   0.0000000e+00   0.0000000e+00   0.0000000e+00   7.3961879e-04   2.1847299e-03   0.0000000e+00   6.3292549e-03   0.0000000e+00   6.5390870e-03   4.1346449e-04   1.0507042e-03   0.0000000e+00   1.8152674e-03   0.0000000e+00   0.0000000e+00   0.0000000e+00   4.0445997e-03   1.3416927e-03   6.4258924e-04   0.0000000e+00   0.0000000e+00   0.0000000e+00   0.0000000e+00   0.0000000e+00   1.0969476e-03   0.0000000e+00   0.0000000e+00   0.0000000e+00   0.0000000e+00   0.0000000e+00   0.0000000e+00   0.0000000e+00   0.0000000e+00   0.0000000e+00   0.0000000e+00   0.0000000e+00   0.0000000e+00   0.0000000e+00   6.5422824e-04   0.0000000e+00   3.1119222e-03   7.2148678e-04
   1.2067246e-02   0.0000000e+00   4.1971176e-04   0.0000000e+00   5.2305152e-04   9.3536577e-04   0.0000000e+00   8.6992620e-04   2.2110995e-02   0.0000000e+00   0.0000000e+00   0.0000000e+00   0.0000000e+00   0.0000000e+00   3.2668390e-03   2.9577085e-03   0.0000000e+00   0.0000000e+00   7.6183424e-04   0.0000000e+00   0.0000000e+00   0.0000000e+00   0.0000000e+00   0.0000000e+00   0.0000000e+00   0.0000000e+00   0.0000000e+00   0.0000000e+00   2.2356486e-04   0.0000000e+00   0.0000000e+00   0.0000000e+00   0.0000000e+00   0.0000000e+00   0.0000000e+00   0.0000000e+00   0.0000000e+00   0.0000000e+00   0.0000000e+00   0.0000000e+00   0.0000000e+00   0.0000000e+00   0.0000000e+00   0.0000000e+00   0.0000000e+00   0.0000000e+00   0.0000000e+00   0.0000000e+00   0.0000000e+00   0.0000000e+00   0.0000000e+00   0.0000000e+00   0.0000000e+00   0.0000000e+00   0.0000000e+00   0.0000000e+00   0.0000000e+00   0.0000000e+00   0.0000000e+00   0.0000000e+00   0.0000000e+00   0.0000000e+00   4.3550923e-03   1.1413513e-03   0.0000000e+00   0.0000000e+00   0.0000000e+00   0.0000000e+00   7.8435221e-04   0.0000000e+00   0.0000000e+00   0.0000000e+00   0.0000000e+00   0.0000000e+00   0.0000000e+00   0.0000000e+00   0.0000000e+00   0.0000000e+00   0.0000000e+00   0.0000000e+00   0.0000000e+00   0.0000000e+00   0.0000000e+00   0.0000000e+00   0.0000000e+00   0.0000000e+00   0.0000000e+00   0.0000000e+00   0.0000000e+00   0.0000000e+00   0.0000000e+00   0.0000000e+00   0.0000000e+00   0.0000000e+00   0.0000000e+00   0.0000000e+00   0.0000000e+00   0.0000000e+00   0.0000000e+00   0.0000000e+00   0.0000000e+00   0.0000000e+00   0.0000000e+00   0.0000000e+00   0.0000000e+00   0.0000000e+00   0.0000000e+00   0.0000000e+00   0.0000000e+00   0.0000000e+00
   1.1001169e-02   4.1971176e-04   0.0000000e+00   1.0299299e-02   0.0000000e+00   1.1732090e-03   0.0000000e+00   0.0000000e+00   0.0000000e+00   0.0000000e+00   0.0000000e+00   0.0000000e+00   0.0000000e+00   0.0000000e+00   5.6558142e-03   0.0000000e+00   2.2730636e-02   0.0000000e+00   6.0664149e-04   0.0000000e+00   1.8033793e-03   0.0000000e+00   7.8036814e-03   0.0000000e+00   5.9201350e-03   0.0000000e+00   3.4054646e-04   0.0000000e+00   2.4948433e-03   0.0000000e+00   0.0000000e+00   0.0000000e+00   0.0000000e+00   0.0000000e+00   0.0000000e+00   0.0000000e+00   7.1256617e-04   0.0000000e+00   0.0000000e+00   0.0000000e+00   0.0000000e+00   0.0000000e+00   0.0000000e+00   0.0000000e+00   0.0000000e+00   0.0000000e+00   0.0000000e+00   0.0000000e+00   3.7764063e-04   0.0000000e+00   0.0000000e+00   0.0000000e+00   0.0000000e+00   0.0000000e+00   5.9295166e-04   0.0000000e+00   1.4847030e-03   0.0000000e+00   1.5608109e-03   0.0000000e+00   0.0000000e+00   0.0000000e+00   5.7063445e-03   0.0000000e+00   0.0000000e+00   0.0000000e+00   4.3054659e-04   0.0000000e+00   0.0000000e+00   0.0000000e+00   0.0000000e+00   0.0000000e+00   0.0000000e+00   0.0000000e+00   0.0000000e+00   0.0000000e+00   0.0000000e+00   0.0000000e+00   1.7703484e-02   0.0000000e+00   0.0000000e+00   0.0000000e+00   0.0000000e+00   0.0000000e+00   0.0000000e+00   0.0000000e+00   0.0000000e+00   0.0000000e+00   0.0000000e+00   0.0000000e+00   0.0000000e+00   0.0000000e+00   0.0000000e+00   0.0000000e+00   1.4357156e-02   0.0000000e+00   4.3386046e-04   0.0000000e+00   5.2919593e-04   0.0000000e+00   0.0000000e+00   0.0000000e+00   0.0000000e+00   0.0000000e+00   0.0000000e+00   0.0000000e+00   0.0000000e+00   0.0000000e+00   3.6785291e-04   0.0000000e+00
   5.5096569e-03   0.0000000e+00   1.0299299e-02   0.0000000e+00   0.0000000e+00   1.6128575e-03   0.0000000e+00   0.0000000e+00   0.0000000e+00   0.0000000e+00   0.0000000e+00   0.0000000e+00   0.0000000e+00   0.0000000e+00   6.2330585e-03   0.0000000e+00   1.5264123e-03   0.0000000e+00   2.4574405e-04   0.0000000e+00   1.2894222e-03   0.0000000e+00   8.4263460e-03   0.0000000e+00   4.4255144e-03   0.0000000e+00   3.6735526e-04   0.0000000e+00   1.6155290e-03   0.0000000e+00   0.0000000e+00   0.0000000e+00   0.0000000e+00   0.0000000e+00   0.0000000e+00   0.0000000e+00   0.0000000e+00   0.0000000e+00   0.0000000e+00   0.0000000e+00   0.0000000e+00   0.0000000e+00   0.0000000e+00   0.0000000e+00   0.0000000e+00   0.0000000e+00   0.0000000e+00   0.0000000e+00   0.0000000e+00   0.0000000e+00   0.0000000e+00   0.0000000e+00   0.0000000e+00   0.0000000e+00   0.0000000e+00   0.0000000e+00   9.9300016e-04   0.0000000e+00   0.0000000e+00   0.0000000e+00   0.0000000e+00   0.0000000e+00   1.5693206e-03   0.0000000e+00   0.0000000e+00   0.0000000e+00   0.0000000e+00   0.0000000e+00   0.0000000e+00   0.0000000e+00   0.0000000e+00   0.0000000e+00   0.0000000e+00   0.0000000e+00   0.0000000e+00   0.0000000e+00   0.0000000e+00   0.0000000e+00   7.2343866e-04   0.0000000e+00   0.0000000e+00   0.0000000e+00   0.0000000e+00   0.0000000e+00   0.0000000e+00   0.0000000e+00   0.0000000e+00   0.0000000e+00   0.0000000e+00   0.0000000e+00   0.0000000e+00   0.0000000e+00   0.0000000e+00   0.0000000e+00   4.6590167e-03   0.0000000e+00   0.0000000e+00   0.0000000e+00   0.0000000e+00   0.0000000e+00   0.0000000e+00   0.0000000e+00   0.0000000e+00   0.0000000e+00   0.0000000e+00   0.0000000e+00   0.0000000e+00   0.0000000e+00   0.0000000e+00   0.0000000e+00
   5.8522263e-03   5.2305152e-04   0.0000000e+00   0.0000000e+00   0.0000000e+00   9.2692127e-03   0.0000000e+00   0.0000000e+00   0.0000000e+00   0.0000000e+00   0.0000000e+00   0.0000000e+00   0.0000000e+00   0.0000000e+00   8.3781130e-04   0.0000000e+00   0.0000000e+00   0.0000000e+00   0.0000000e+00   0.0000000e+00   0.0000000e+00   0.0000000e+00   0.0000000e+00   0.0000000e+00   0.0000000e+00   0.0000000e+00   0.0000000e+00   0.0000000e+00   9.0441617e-03   0.0000000e+00   0.0000000e+00   0.0000000e+00   0.0000000e+00   0.0000000e+00   0.0000000e+00   0.0000000e+00   0.0000000e+00   0.0000000e+00   0.0000000e+00   0.0000000e+00   0.0000000e+00   0.0000000e+00   0.0000000e+00   0.0000000e+00   0.0000000e+00   0.0000000e+00   0.0000000e+00   0.0000000e+00   0.0000000e+00   0.0000000e+00   0.0000000e+00   0.0000000e+00   0.0000000e+00   0.0000000e+00   0.0000000e+00   0.0000000e+00   0.0000000e+00   0.0000000e+00   0.0000000e+00   0.0000000e+00   4.0415344e-03   5.3541008e-04   7.9503119e-04   0.0000000e+00   0.0000000e+00   0.0000000e+00   0.0000000e+00   0.0000000e+00   0.0000000e+00   0.0000000e+00   0.0000000e+00   0.0000000e+00   4.3096052e-03   6.4442669e-04   7.0602048e-03   0.0000000e+00   8.5986476e-03   0.0000000e+00   7.9112661e-03   0.0000000e+00   1.3007168e-02   0.0000000e+00   1.1176137e-02   0.0000000e+00   8.1682811e-03   0.0000000e+00   5.4645907e-04   0.0000000e+00   4.1284134e-03   0.0000000e+00   0.0000000e+00   0.0000000e+00   0.0000000e+00   0.0000000e+00   0.0000000e+00   0.0000000e+00   0.0000000e+00   0.0000000e+00   0.0000000e+00   0.0000000e+00   0.0000000e+00   0.0000000e+00   0.0000000e+00   0.0000000e+00   0.0000000e+00   0.0000000e+00   6.0126686e-03   0.0000000e+00   1.0175916e-03   0.0000000e+00
   3.5169931e-03   9.3536577e-04   1.1732090e-03   1.6128575e-03   9.2692127e-03   0.0000000e+00   0.0000000e+00   0.0000000e+00   0.0000000e+00   0.0000000e+00   0.0000000e+00   0.0000000e+00   0.0000000e+00   0.0000000e+00   1.1615604e-03   8.3507328e-05   3.2149577e-03   0.0000000e+00   0.0000000e+00   0.0000000e+00   0.0000000e+00   0.0000000e+00   0.0000000e+00   0.0000000e+00   0.0000000e+00   0.0000000e+00   0.0000000e+00   0.0000000e+00   6.2877620e-03   0.0000000e+00   0.0000000e+00   0.0000000e+00   0.0000000e+00   0.0000000e+00   0.0000000e+00   0.0000000e+00   0.0000000e+00   0.0000000e+00   0.0000000e+00   0.0000000e+00   0.0000000e+00   0.0000000e+00   0.0000000e+00   0.0000000e+00   0.0000000e+00   0.0000000e+00   0.0000000e+00   0.0000000e+00   0.0000000e+00   0.0000000e+00   0.0000000e+00   0.0000000e+00   0.0000000e+00   0.0000000e+00   0.0000000e+00   0.0000000e+00   0.0000000e+00   0.0000000e+00   0.0000000e+00   0.0000000e+00   0.0000000e+00   0.0000000e+00   2.4594800e-03   6.9937987e-04   0.0000000e+00   0.0000000e+00   1.0257555e-03   0.0000000e+00   0.0000000e+00   0.0000000e+00   0.0000000e+00   0.0000000e+00   0.0000000e+00   0.0000000e+00   0.0000000e+00   0.0000000e+00   0.0000000e+00   0.0000000e+00   9.4529251e-03   0.0000000e+00   4.7895658e-03   0.0000000e+00   7.6299251e-03   0.0000000e+00   0.0000000e+00   0.0000000e+00   5.1039315e-03   0.0000000e+00   0.0000000e+00   0.0000000e+00   0.0000000e+00   0.0000000e+00   0.0000000e+00   0.0000000e+00   0.0000000e+00   0.0000000e+00   0.0000000e+00   0.0000000e+00   0.0000000e+00   0.0000000e+00   1.9335226e-03   0.0000000e+00   0.0000000e+00   0.0000000e+00   0.0000000e+00   0.0000000e+00   0.0000000e+00   0.0000000e+00   0.0000000e+00   0.0000000e+00
   8.5585304e-04   0.0000000e+00   0.0000000e+00   0.0000000e+00   0.0000000e+00   0.0000000e+00   0.0000000e+00   0.0000000e+00   0.0000000e+00   0.0000000e+00   0.0000000e+00   0.0000000e+00   0.0000000e+00   1.3045419e-02   1.7942954e-03   6.7065688e-04   0.0000000e+00   0.0000000e+00   0.0000000e+00   0.0000000e+00   0.0000000e+00   0.0000000e+00   0.0000000e+00   0.0000000e+00   0.0000000e+00   0.0000000e+00   0.0000000e+00   0.0000000e+00   0.0000000e+00   0.0000000e+00   0.0000000e+00   0.0000000e+00   0.0000000e+00   0.0000000e+00   0.0000000e+00   0.0000000e+00   0.0000000e+00   0.0000000e+00   0.0000000e+00   0.0000000e+00   0.0000000e+00   0.0000000e+00   0.0000000e+00   0.0000000e+00   0.0000000e+00   0.0000000e+00   0.0000000e+00   0.0000000e+00   0.0000000e+00   0.0000000e+00   0.0000000e+00   0.0000000e+00   0.0000000e+00   0.0000000e+00   0.0000000e+00   0.0000000e+00   0.0000000e+00   0.0000000e+00   0.0000000e+00   0.0000000e+00   0.0000000e+00   0.0000000e+00   2.4139313e-02   1.2559116e-02   0.0000000e+00   0.0000000e+00   1.1345366e-02   3.9015544e-03   2.5632540e-03   7.6089499e-04   1.7767642e-03   3.3675624e-04   0.0000000e+00   0.0000000e+00   0.0000000e+00   0.0000000e+00   0.0000000e+00   0.0000000e+00   0.0000000e+00   0.0000000e+00   0.0000000e+00   0.0000000e+00   0.0000000e+00   0.0000000e+00   0.0000000e+00   0.0000000e+00   0.0000000e+00   0.0000000e+00   0.0000000e+00   0.0000000e+00   0.0000000e+00   0.0000000e+00   0.0000000e+00   0.0000000e+00   0.0000000e+00   0.0000000e+00   0.0000000e+00   0.0000000e+00   0.0000000e+00   0.0000000e+00   0.0000000e+00   0.0000000e+00   0.0000000e+00   0.0000000e+00   0.0000000e+00   0.0000000e+00   0.0000000e+00   0.0000000e+00   0.0000000e+00   0.0000000e+00
   8.0387692e-04   8.6992620e-04   0.0000000e+00   0.0000000e+00   0.0000000e+00   0.0000000e+00   0.0000000e+00   0.0000000e+00   1.7797080e-02   5.2901760e-03   3.9938787e-03   1.2590865e-02   3.6598510e-03   1.2562196e-03   1.8669106e-04   4.1446774e-03   0.0000000e+00   0.0000000e+00   0.0000000e+00   1.0777910e-02   0.0000000e+00   1.0578176e-03   0.0000000e+00   0.0000000e+00   0.0000000e+00   0.0000000e+00   0.0000000e+00   9.7076467e-03   0.0000000e+00   1.1972231e-03   0.0000000e+00   0.0000000e+00   0.0000000e+00   0.0000000e+00   0.0000000e+00   0.0000000e+00   0.0000000e+00   0.0000000e+00   0.0000000e+00   0.0000000e+00   0.0000000e+00   0.0000000e+00   0.0000000e+00   0.0000000e+00   0.0000000e+00   0.0000000e+00   0.0000000e+00   4.2126134e-03   0.0000000e+00   5.7579600e-03   0.0000000e+00   0.0000000e+00   0.0000000e+00   0.0000000e+00   0.0000000e+00   0.0000000e+00   0.0000000e+00   2.2806697e-03   0.0000000e+00   0.0000000e+00   0.0000000e+00   5.4969524e-03   0.0000000e+00   1.1036264e-03   0.0000000e+00   0.0000000e+00   0.0000000e+00   0.0000000e+00   0.0000000e+00   0.0000000e+00   0.0000000e+00   0.0000000e+00   9.4054768e-04   3.7036734e-03   3.2407647e-04   2.7125226e-03   6.3997721e-04   1.7263630e-03   0.0000000e+00   2.4294387e-04   0.0000000e+00   6.5034402e-04   0.0000000e+00   4.8566702e-04   0.0000000e+00   6.0150282e-03   0.0000000e+00   0.0000000e+00   0.0000000e+00   0.0000000e+00   0.0000000e+00   0.0000000e+00   0.0000000e+00   0.0000000e+00   0.0000000e+00   0.0000000e+00   0.0000000e+00   0.0000000e+00   0.0000000e+00   0.0000000e+00   0.0000000e+00   0.0000000e+00   0.0000000e+00   0.0000000e+00   0.0000000e+00   0.0000000e+00   0.0000000e+00   0.0000000e+00   0.0000000e+00   9.4399413e-04
   0.0000000e+00   2.2110995e-02   0.0000000e+00   0.0000000e+00   0.0000000e+00   0.0000000e+00   0.0000000e+00   1.7797080e-02   0.0000000e+00   2.4780712e-03   9.7686215e-03   2.0295057e-03   0.0000000e+00   0.0000000e+00   1.6062628e-03   2.4819043e-03   0.0000000e+00   0.0000000e+00   3.5297790e-04   1.3534812e-03   0.0000000e+00   0.0000000e+00   0.0000000e+00   0.0000000e+00   0.0000000e+00   0.0000000e+00   0.0000000e+00   9.4718404e-04   0.0000000e+00   0.0000000e+00   0.0000000e+00   0.0000000e+00   0.0000000e+00   0.0000000e+00   0.0000000e+00   0.0000000e+00   0.0000000e+00   0.0000000e+00   0.0000000e+00   0.0000000e+00   0.0000000e+00   0.0000000e+00   0.0000000e+00   0.0000000e+00   0.0000000e+00   0.0000000e+00   0.0000000e+00   8.2687651e-04   0.0000000e+00   1.3421902e-03   0.0000000e+00   0.0000000e+00   0.0000000e+00   0.0000000e+00   0.0000000e+00   0.0000000e+00   0.0000000e+00   0.0000000e+00   0.0000000e+00   0.0000000e+00   0.0000000e+00   0.0000000e+00   2.0705091e-03   0.0000000e+00   0.0000000e+00   0.0000000e+00   0.0000000e+00   0.0000000e+00   3.1982368e-04   2.3494793e-03   0.0000000e+00   0.0000000e+00   0.0000000e+00   4.2916996e-04   0.0000000e+00   0.0000000e+00   0.0000000e+00   0.0000000e+00   0.0000000e+00   0.0000000e+00   0.0000000e+00   0.0000000e+00   0.0000000e+00   0.0000000e+00   0.0000000e+00   0.0000000e+00   0.0000000e+00   0.0000000e+00   0.0000000e+00   0.0000000e+00   0.0000000e+00   0.0000000e+00   0.0000000e+00   0.0000000e+00   0.0000000e+00   0.0000000e+00   0.0000000e+00   0.0000000e+00   0.0000000e+00   0.0000000e+00   0.0000000e+00   0.0000000e+00   0.0000000e+00   0.0000000e+00   0.0000000e+00   0.0000000e+00   0.0000000e+00   0.0000000e+00   0.0000000e+00   0.0000000e+00
   0.0000000e+00   0.0000000e+00   0.0000000e+00   0.0000000e+00   0.0000000e+00   0.0000000e+00   0.0000000e+00   5.2901760e-03   2.4780712e-03   0.0000000e+00   1.3316211e-02   4.8392415e-04   2.9483340e-03   9.8225691e-04   7.8363717e-04   1.7677354e-02   0.0000000e+00   1.3208505e-03   0.0000000e+00   5.3808219e-04   0.0000000e+00   1.6315969e-03   0.0000000e+00   1.2220596e-02   0.0000000e+00   6.5387957e-03   0.0000000e+00   1.7090272e-03   0.0000000e+00   1.5866689e-03   0.0000000e+00   0.0000000e+00   0.0000000e+00   0.0000000e+00   0.0000000e+00   0.0000000e+00   0.0000000e+00   0.0000000e+00   0.0000000e+00   5.0836024e-03   0.0000000e+00   0.0000000e+00   0.0000000e+00   0.0000000e+00   0.0000000e+00   0.0000000e+00   0.0000000e+00   1.6660204e-03   0.0000000e+00   0.0000000e+00   0.0000000e+00   0.0000000e+00   0.0000000e+00   3.1360543e-04   0.0000000e+00   1.6790687e-03   0.0000000e+00   1.4581730e-03   0.0000000e+00   1.6314887e-03   0.0000000e+00   0.0000000e+00   9.6745156e-04   6.2219064e-03   0.0000000e+00   0.0000000e+00   5.4760532e-04   7.8351802e-03   2.8919324e-04   0.0000000e+00   0.0000000e+00   0.0000000e+00   0.0000000e+00   0.0000000e+00   0.0000000e+00   0.0000000e+00   0.0000000e+00   0.0000000e+00   0.0000000e+00   7.6086720e-03   0.0000000e+00   6.1580455e-04   0.0000000e+00   0.0000000e+00   0.0000000e+00   2.8145757e-03   0.0000000e+00   0.0000000e+00   0.0000000e+00   0.0000000e+00   0.0000000e+00   0.0000000e+00   0.0000000e+00   5.0312666e-04   0.0000000e+00   5.3524335e-03   0.0000000e+00   4.2729533e-04   0.0000000e+00   0.0000000e+00   0.0000000e+00   5.0751558e-04   0.0000000e+00   0.0000000e+00   0.0000000e+00   0.0000000e+00   0.0000000e+00   0.0000000e+00   0.0000000e+00   2.9890693e-03
   0.0000000e+00   0.0000000e+00   0.0000000e+00   0.0000000e+00   0.0000000e+00   0.0000000e+00   0.0000000e+00   3.9938787e-03   9.7686215e-03   1.3316211e-02   0.0000000e+00   2.0365589e-03   0.0000000e+00   3.1513180e-03   1.8370273e-04   6.2596480e-03   0.0000000e+00   0.0000000e+00   0.0000000e+00   1.9352579e-03   0.0000000e+00   8.7779866e-04   0.0000000e+00   2.1836696e-03   0.0000000e+00   0.0000000e+00   0.0000000e+00   4.1937359e-04   0.0000000e+00   3.8811838e-04   0.0000000e+00   0.0000000e+00   0.0000000e+00   0.0000000e+00   0.0000000e+00   0.0000000e+00   0.0000000e+00   7.5146861e-04   0.0000000e+00   2.4362957e-03   0.0000000e+00   0.0000000e+00   0.0000000e+00   0.0000000e+00   0.0000000e+00   0.0000000e+00   0.0000000e+00   4.7282068e-04   0.0000000e+00   0.0000000e+00   0.0000000e+00   0.0000000e+00   0.0000000e+00   0.0000000e+00   0.0000000e+00   0.0000000e+00   0.0000000e+00   6.0939216e-04   0.0000000e+00   0.0000000e+00   0.0000000e+00   0.0000000e+00   0.0000000e+00   0.0000000e+00   0.0000000e+00   0.0000000e+00   0.0000000e+00   0.0000000e+00   0.0000000e+00   0.0000000e+00   0.0000000e+00   0.0000000e+00   0.0000000e+00   0.0000000e+00   0.0000000e+00   0.0000000e+00   0.0000000e+00   0.0000000e+00   0.0000000e+00   3.8609209e-04   0.0000000e+00   0.0000000e+00   0.0000000e+00   0.0000000e+00   0.0000000e+00   0.0000000e+00   0.0000000e+00   0.0000000e+00   0.0000000e+00   0.0000000e+00   0.0000000e+00   0.0000000e+00   0.0000000e+00   0.0000000e+00   0.0000000e+00   0.0000000e+00   0.0000000e+00   0.0000000e+00   0.0000000e+00   0.0000000e+00   0.0000000e+00   0.0000000e+00   0.0000000e+00   0.0000000e+00   0.0000000e+00   0.0000000e+00   0.0000000e+00   0.0000000e+00   0.0000000e+00   0.0000000e+00
   0.0000000e+00   0.0000000e+00   0.0000000e+00   0.0000000e+00   0.0000000e+00   0.0000000e+00   0.0000000e+00   1.2590865e-02   2.0295057e-03   4.8392415e-04   2.0365589e-03   0.0000000e+00   1.8561484e-02   1.6961321e-03   0.0000000e+00   1.2089665e-04   0.0000000e+00   0.0000000e+00   0.0000000e+00   0.0000000e+00   0.0000000e+00   0.0000000e+00   0.0000000e+00   0.0000000e+00   0.0000000e+00   0.0000000e+00   0.0000000e+00   0.0000000e+00   0.0000000e+00   6.4862661e-03   0.0000000e+00   0.0000000e+00   0.0000000e+00   0.0000000e+00   0.0000000e+00   0.0000000e+00   0.0000000e+00   0.0000000e+00   0.0000000e+00   0.0000000e+00   0.0000000e+00   0.0000000e+00   0.0000000e+00   3.0877154e-03   0.0000000e+00   9.3738300e-04   0.0000000e+00   0.0000000e+00   0.0000000e+00   0.0000000e+00   0.0000000e+00   0.0000000e+00   0.0000000e+00   0.0000000e+00   0.0000000e+00   0.0000000e+00   0.0000000e+00   4.1987164e-04   0.0000000e+00   0.0000000e+00   0.0000000e+00   4.4040645e-03   0.0000000e+00   0.0000000e+00   0.0000000e+00   0.0000000e+00   0.0000000e+00   9.5592674e-04   0.0000000e+00   3.6420511e-04   0.0000000e+00   3.7812217e-04   0.0000000e+00   6.6754504e-03   2.7119760e-04   2.2846057e-03   1.4683634e-03   6.4776768e-04   0.0000000e+00   6.2936568e-03   0.0000000e+00   7.9149168e-03   0.0000000e+00   2.1421207e-02   0.0000000e+00   1.2140199e-02   0.0000000e+00   0.0000000e+00   0.0000000e+00   9.7545489e-03   0.0000000e+00   1.6686359e-03   0.0000000e+00   0.0000000e+00   0.0000000e+00   0.0000000e+00   0.0000000e+00   0.0000000e+00   0.0000000e+00   0.0000000e+00   0.0000000e+00   0.0000000e+00   0.0000000e+00   0.0000000e+00   0.0000000e+00   0.0000000e+00   1.6958975e-03   8.8433208e-04   0.0000000e+00   5.1910435e-04
   0.0000000e+00   0.0000000e+00   0.0000000e+00   0.0000000e+00   0.0000000e+00   0.0000000e+00   0.0000000e+00   3.6598510e-03   0.0000000e+00   2.9483340e-03   0.0000000e+00   1.8561484e-02   0.0000000e+00   5.0870257e-03   9.0067454e-05   2.5598765e-03   0.0000000e+00   1.1596806e-03   0.0000000e+00   0.0000000e+00   0.0000000e+00   0.0000000e+00   0.0000000e+00   0.0000000e+00   0.0000000e+00   0.0000000e+00   0.0000000e+00   0.0000000e+00   0.0000000e+00   8.5253501e-03   0.0000000e+00   0.0000000e+00   0.0000000e+00   0.0000000e+00   0.0000000e+00   0.0000000e+00   0.0000000e+00   0.0000000e+00   0.0000000e+00   0.0000000e+00   0.0000000e+00   0.0000000e+00   0.0000000e+00   0.0000000e+00   0.0000000e+00   0.0000000e+00   0.0000000e+00   0.0000000e+00   0.0000000e+00   0.0000000e+00   0.0000000e+00   0.0000000e+00   0.0000000e+00   0.0000000e+00   0.0000000e+00   0.0000000e+00   0.0000000e+00   0.0000000e+00   0.0000000e+00   0.0000000e+00   0.0000000e+00   0.0000000e+00   0.0000000e+00   1.0950204e-03   0.0000000e+00   0.0000000e+00   0.0000000e+00   6.3614792e-03   0.0000000e+00   3.8976048e-04   6.9233912e-04   8.8149104e-04   0.0000000e+00   1.5523765e-03   0.0000000e+00   0.0000000e+00   0.0000000e+00   0.0000000e+00   0.0000000e+00   1.7038935e-02   0.0000000e+00   7.6145937e-03   0.0000000e+00   1.0158836e-02   0.0000000e+00   2.3148782e-03   0.0000000e+00   0.0000000e+00   0.0000000e+00   0.0000000e+00   0.0000000e+00   0.0000000e+00   0.0000000e+00   0.0000000e+00   0.0000000e+00   0.0000000e+00   0.0000000e+00   0.0000000e+00   0.0000000e+00   0.0000000e+00   0.0000000e+00   2.4675437e-04   0.0000000e+00   0.0000000e+00   0.0000000e+00   0.0000000e+00   0.0000000e+00   0.0000000e+00   0.0000000e+00   0.0000000e+00
   0.0000000e+00   0.0000000e+00   0.0000000e+00   0.0000000e+00   0.0000000e+00   0.0000000e+00   1.3045419e-02   1.2562196e-03   0.0000000e+00   9.8225691e-04   3.1513180e-03   1.6961321e-03   5.0870257e-03   0.0000000e+00   1.5261670e-03   1.7990571e-03   0.0000000e+00   0.0000000e+00   0.0000000e+00   0.0000000e+00   0.0000000e+00   0.0000000e+00   0.0000000e+00   0.0000000e+00   0.0000000e+00   0.0000000e+00   0.0000000e+00   0.0000000e+00   0.0000000e+00   0.0000000e+00   0.0000000e+00   0.0000000e+00   0.0000000e+00   0.0000000e+00   0.0000000e+00   0.0000000e+00   0.0000000e+00   0.0000000e+00   0.0000000e+00   0.0000000e+00   0.0000000e+00   0.0000000e+00   0.0000000e+00   0.0000000e+00   0.0000000e+00   0.0000000e+00   0.0000000e+00   0.0000000e+00   0.0000000e+00   0.0000000e+00   0.0000000e+00   0.0000000e+00   0.0000000e+00   0.0000000e+00   0.0000000e+00   0.0000000e+00   0.0000000e+00   0.0000000e+00   0.0000000e+00   0.0000000e+00   0.0000000e+00   0.0000000e+00   2.1276223e-03   4.8504451e-03   0.0000000e+00   0.0000000e+00   5.9674211e-03   1.1883358e-02   1.8238280e-03   5.0992160e-03   3.0273906e-03   5.4420506e-03   0.0000000e+00   0.0000000e+00   0.0000000e+00   0.0000000e+00   0.0000000e+00   0.0000000e+00   0.0000000e+00   1.8988261e-03   0.0000000e+00   6.6116811e-04   0.0000000e+00   0.0000000e+00   0.0000000e+00   0.0000000e+00   0.0000000e+00   0.0000000e+00   0.0000000e+00   0.0000000e+00   0.0000000e+00   0.0000000e+00   0.0000000e+00   0.0000000e+00   0.0000000e+00   0.0000000e+00   0.0000000e+00   0.0000000e+00   0.0000000e+00   0.0000000e+00   0.0000000e+00   0.0000000e+00   0.0000000e+00   0.0000000e+00   0.0000000e+00   0.0000000e+00   0.0000000e+00   0.0000000e+00   0.0000000e+00   0.0000000e+00
   2.6517782e-02   3.2668390e-03   5.6558142e-03   6.2330585e-03   8.3781130e-04   1.1615604e-03   1.7942954e-03   1.8669106e-04   1.6062628e-03   7.8363717e-04   1.8370273e-04   0.0000000e+00   9.0067454e-05   1.5261670e-03   0.0000000e+00   9.4133961e-03   1.1423566e-04   0.0000000e+00   2.8568587e-03   2.4331430e-04   3.6451759e-03   0.0000000e+00   3.1963416e-03   0.0000000e+00   9.1289731e-04   0.0000000e+00   0.0000000e+00   0.0000000e+00   5.1369420e-04   0.0000000e+00   0.0000000e+00   0.0000000e+00   0.0000000e+00   0.0000000e+00   0.0000000e+00   0.0000000e+00   0.0000000e+00   0.0000000e+00   0.0000000e+00   0.0000000e+00   0.0000000e+00   0.0000000e+00   0.0000000e+00   0.0000000e+00   0.0000000e+00   0.0000000e+00   0.0000000e+00   0.0000000e+00   0.0000000e+00   0.0000000e+00   0.0000000e+00   0.0000000e+00   0.0000000e+00   0.0000000e+00   0.0000000e+00   0.0000000e+00   0.0000000e+00   0.0000000e+00   2.7854056e-04   0.0000000e+00   0.0000000e+00   0.0000000e+00   6.5611399e-03   2.5669025e-03   0.0000000e+00   0.0000000e+00   1.9237283e-03   4.6788771e-03   7.7628341e-03   3.1681482e-03   3.3376855e-03   1.3077606e-03   0.0000000e+00   0.0000000e+00   0.0000000e+00   0.0000000e+00   0.0000000e+00   0.0000000e+00   8.7722464e-03   5.8851535e-04   1.4098455e-03   0.0000000e+00   1.9827185e-04   0.0000000e+00   0.0000000e+00   0.0000000e+00   0.0000000e+00   0.0000000e+00   0.0000000e+00   0.0000000e+00   0.0000000e+00   0.0000000e+00   0.0000000e+00   0.0000000e+00   2.7559475e-04   0.0000000e+00   0.0000000e+00   0.0000000e+00   0.0000000e+00   0.0000000e+00   0.0000000e+00   0.0000000e+00   0.0000000e+00   0.0000000e+00   0.0000000e+00   0.0000000e+00   0.0000000e+00   0.0000000e+00   0.0000000e+00   0.0000000e+00
   0.0000000e+00   2.9577085e-03   0.0000000e+00   0.0000000e+00   0.0000000e+00   8.3507328e-05   6.7065688e-04   4.1446774e-03   2.4819043e-03   1.7677354e-02   6.2596480e-03   1.2089665e-04   2.5598765e-03   1.7990571e-03   9.4133961e-03   0.0000000e+00   0.0000000e+00   1.1528027e-03   9.2343110e-04   1.0964488e-03   0.0000000e+00   5.7881356e-03   0.0000000e+00   5.3257933e-03   0.0000000e+00   1.4087591e-03   0.0000000e+00   0.0000000e+00   0.0000000e+00   4.2862696e-03   0.0000000e+00   0.0000000e+00   0.0000000e+00   0.0000000e+00   0.0000000e+00   0.0000000e+00   0.0000000e+00   0.0000000e+00   0.0000000e+00   0.0000000e+00   0.0000000e+00   0.0000000e+00   0.0000000e+00   0.0000000e+00   0.0000000e+00   0.0000000e+00   0.0000000e+00   0.0000000e+00   0.0000000e+00   0.0000000e+00   0.0000000e+00   0.0000000e+00   0.0000000e+00   0.0000000e+00   0.0000000e+00   0.0000000e+00   0.0000000e+00   5.5164163e-04   0.0000000e+00   1.7062636e-04   0.0000000e+00   0.0000000e+00   2.7616929e-03   2.6338710e-03   0.0000000e+00   0.0000000e+00   8.6626458e-04   1.0077494e-03   1.2086779e-03   2.1780534e-03   1.2394748e-03   1.0186243e-03   0.0000000e+00   0.0000000e+00   0.0000000e+00   0.0000000e+00   0.0000000e+00   0.0000000e+00   0.0000000e+00   1.1238979e-02   0.0000000e+00   2.3670453e-04   0.0000000e+00   0.0000000e+00   0.0000000e+00   5.5558438e-04   0.0000000e+00   0.0000000e+00   0.0000000e+00   0.0000000e+00   0.0000000e+00   1.3205317e-04   0.0000000e+00   0.0000000e+00   0.0000000e+00   1.8260276e-04   0.0000000e+00   0.0000000e+00   0.0000000e+00   0.0000000e+00   0.0000000e+00   0.0000000e+00   0.0000000e+00   0.0000000e+00   0.0000000e+00   0.0000000e+00   0.0000000e+00   0.0000000e+00   0.0000000e+00   5.3966838e-04
   0.0000000e+00   0.0000000e+00   2.2730636e-02   1.5264123e-03   0.0000000e+00   3.2149577e-03   0.0000000e+00   0.0000000e+00   0.0000000e+00   0.0000000e+00   0.0000000e+00   0.0000000e+00   0.0000000e+00   0.0000000e+00   1.1423566e-04   0.0000000e+00   0.0000000e+00   0.0000000e+00   0.0000000e+00   0.0000000e+00   3.6624360e-04   0.0000000e+00   4.2247127e-03   0.0000000e+00   1.3646071e-02   0.0000000e+00   3.3069090e-03   0.0000000e+00   1.6762985e-02   0.0000000e+00   1.4315554e-03   0.0000000e+00   1.1169020e-03   0.0000000e+00   0.0000000e+00   0.0000000e+00   1.4589255e-03   0.0000000e+00   1.1632366e-03   0.0000000e+00   0.0000000e+00   0.0000000e+00   0.0000000e+00   0.0000000e+00   0.0000000e+00   0.0000000e+00   0.0000000e+00   0.0000000e+00   0.0000000e+00   0.0000000e+00   0.0000000e+00   0.0000000e+00   0.0000000e+00   0.0000000e+00   0.0000000e+00   0.0000000e+00   1.4996115e-03   0.0000000e+00   7.1694457e-03   0.0000000e+00   1.5996744e-03   0.0000000e+00   0.0000000e+00   0.0000000e+00   0.0000000e+00   0.0000000e+00   0.0000000e+00   0.0000000e+00   0.0000000e+00   0.0000000e+00   0.0000000e+00   0.0000000e+00   0.0000000e+00   0.0000000e+00   6.0107092e-04   0.0000000e+00   1.5188583e-03   0.0000000e+00   1.0662587e-02   0.0000000e+00   3.7680265e-04   0.0000000e+00   0.0000000e+00   0.0000000e+00   3.4561685e-03   0.0000000e+00   5.8004058e-04   0.0000000e+00   0.0000000e+00   0.0000000e+00   0.0000000e+00   0.0000000e+00   6.3309858e-03   0.0000000e+00   3.0176967e-02   0.0000000e+00   2.0857000e-02   0.0000000e+00   3.8687092e-03   0.0000000e+00   1.3598267e-02   0.0000000e+00   6.4726399e-03   0.0000000e+00   4.3699727e-04   0.0000000e+00   0.0000000e+00   0.0000000e+00   4.3648668e-03   0.0000000e+00
   0.0000000e+00   0.0000000e+00   0.0000000e+00   0.0000000e+00   0.0000000e+00   0.0000000e+00   0.0000000e+00   0.0000000e+00   0.0000000e+00   1.3208505e-03   0.0000000e+00   0.0000000e+00   1.1596806e-03   0.0000000e+00   0.0000000e+00   1.1528027e-03   0.0000000e+00   0.0000000e+00   0.0000000e+00   0.0000000e+00   0.0000000e+00   0.0000000e+00   0.0000000e+00   8.8666454e-03   0.0000000e+00   2.9686253e-03   0.0000000e+00   2.1266306e-03   0.0000000e+00   2.0371826e-02   0.0000000e+00   0.0000000e+00   0.0000000e+00   2.5370798e-03   0.0000000e+00   0.0000000e+00   0.0000000e+00   4.0366376e-03   0.0000000e+00   3.7197461e-03   0.0000000e+00   0.0000000e+00   0.0000000e+00   0.0000000e+00   0.0000000e+00   0.0000000e+00   0.0000000e+00   0.0000000e+00   0.0000000e+00   0.0000000e+00   0.0000000e+00   0.0000000e+00   0.0000000e+00   1.3257108e-03   0.0000000e+00   0.0000000e+00   0.0000000e+00   6.7013500e-04   0.0000000e+00   8.3553019e-03   0.0000000e+00   1.6213914e-03   0.0000000e+00   0.0000000e+00   0.0000000e+00   0.0000000e+00   0.0000000e+00   0.0000000e+00   0.0000000e+00   0.0000000e+00   0.0000000e+00   0.0000000e+00   0.0000000e+00   0.0000000e+00   0.0000000e+00   0.0000000e+00   0.0000000e+00   0.0000000e+00   0.0000000e+00   1.3642779e-02   0.0000000e+00   0.0000000e+00   0.0000000e+00   0.0000000e+00   0.0000000e+00   1.2126845e-03   0.0000000e+00   0.0000000e+00   0.0000000e+00   0.0000000e+00   0.0000000e+00   0.0000000e+00   0.0000000e+00   5.7722020e-04   0.0000000e+00   2.9520616e-02   0.0000000e+00   1.5210235e-02   0.0000000e+00   2.7372054e-03   0.0000000e+00   1.1458040e-02   0.0000000e+00   1.2202937e-02   0.0000000e+00   1.7161780e-03   0.0000000e+00   0.0000000e+00   0.0000000e+00   4.0525409e-03
   1.0361896e-02   7.6183424e-04   6.0664149e-04   2.4574405e-04   0.0000000e+00   0.0000000e+00   0.0000000e+00   0.0000000e+00   3.5297790e-04   0.0000000e+00   0.0000000e+00   0.0000000e+00   0.0000000e+00   0.0000000e+00   2.8568587e-03   9.2343110e-04   0.0000000e+00   0.0000000e+00   0.0000000e+00   3.5851731e-02   8.3303761e-03   7.8556959e-04   0.0000000e+00   0.0000000e+00   0.0000000e+00   0.0000000e+00   4.2337213e-03   4.0241247e-03   0.0000000e+00   0.0000000e+00   0.0000000e+00   0.0000000e+00   0.0000000e+00   0.0000000e+00   0.0000000e+00   0.0000000e+00   0.0000000e+00   0.0000000e+00   0.0000000e+00   0.0000000e+00   0.0000000e+00   0.0000000e+00   0.0000000e+00   0.0000000e+00   0.0000000e+00   0.0000000e+00   4.1724134e-05   5.7577289e-04   0.0000000e+00   0.0000000e+00   0.0000000e+00   0.0000000e+00   0.0000000e+00   0.0000000e+00   0.0000000e+00   0.0000000e+00   0.0000000e+00   0.0000000e+00   0.0000000e+00   0.0000000e+00   0.0000000e+00   1.3570159e-03   0.0000000e+00   0.0000000e+00   5.0131926e-03   7.4023512e-03   0.0000000e+00   0.0000000e+00   1.4634400e-02   3.0297005e-03   7.8811174e-03   1.4880080e-03   3.5893861e-03   1.8975058e-03   2.3565756e-03   8.1333282e-04   0.0000000e+00   0.0000000e+00   0.0000000e+00   0.0000000e+00   0.0000000e+00   0.0000000e+00   0.0000000e+00   0.0000000e+00   2.2647887e-03   1.0819601e-03   0.0000000e+00   0.0000000e+00   0.0000000e+00   0.0000000e+00   0.0000000e+00   0.0000000e+00   0.0000000e+00   0.0000000e+00   0.0000000e+00   0.0000000e+00   0.0000000e+00   0.0000000e+00   0.0000000e+00   0.0000000e+00   0.0000000e+00   0.0000000e+00   0.0000000e+00   0.0000000e+00   0.0000000e+00   0.0000000e+00   0.0000000e+00   0.0000000e+00   0.0000000e+00   0.0000000e+00
   0.0000000e+00   0.0000000e+00   0.0000000e+00   0.0000000e+00   0.0000000e+00   0.0000000e+00   0.0000000e+00   1.0777910e-02   1.3534812e-03   5.3808219e-04   1.9352579e-03   0.0000000e+00   0.0000000e+00   0.0000000e+00   2.4331430e-04   1.0964488e-03   0.0000000e+00   0.0000000e+00   3.5851731e-02   0.0000000e+00   0.0000000e+00   8.6184655e-03   0.0000000e+00   0.0000000e+00   0.0000000e+00   0.0000000e+00   1.2059205e-04   3.7108847e-03   0.0000000e+00   0.0000000e+00   0.0000000e+00   0.0000000e+00   0.0000000e+00   0.0000000e+00   0.0000000e+00   0.0000000e+00   0.0000000e+00   0.0000000e+00   0.0000000e+00   0.0000000e+00   0.0000000e+00   0.0000000e+00   0.0000000e+00   0.0000000e+00   0.0000000e+00   0.0000000e+00   0.0000000e+00   2.3179055e-04   0.0000000e+00   0.0000000e+00   0.0000000e+00   0.0000000e+00   0.0000000e+00   0.0000000e+00   0.0000000e+00   0.0000000e+00   0.0000000e+00   0.0000000e+00   0.0000000e+00   0.0000000e+00   0.0000000e+00   0.0000000e+00   0.0000000e+00   0.0000000e+00   1.1338912e-02   3.1139066e-03   0.0000000e+00   0.0000000e+00   4.4069686e-03   1.1081157e-02   2.4247646e-03   2.5238346e-03   7.0185577e-04   1.4431664e-04   5.2875115e-04   3.7559435e-04   6.8091918e-04   2.3246946e-04   0.0000000e+00   0.0000000e+00   0.0000000e+00   0.0000000e+00   0.0000000e+00   0.0000000e+00   0.0000000e+00   0.0000000e+00   0.0000000e+00   0.0000000e+00   0.0000000e+00   0.0000000e+00   0.0000000e+00   0.0000000e+00   0.0000000e+00   0.0000000e+00   0.0000000e+00   0.0000000e+00   0.0000000e+00   0.0000000e+00   0.0000000e+00   0.0000000e+00   0.0000000e+00   0.0000000e+00   0.0000000e+00   0.0000000e+00   0.0000000e+00   0.0000000e+00   7.1419387e-04   0.0000000e+00   0.0000000e+00   0.0000000e+00
   6.4634016e-04   0.0000000e+00   1.8033793e-03   1.2894222e-03   0.0000000e+00   0.0000000e+00   0.0000000e+00   0.0000000e+00   0.0000000e+00   0.0000000e+00   0.0000000e+00   0.0000000e+00   0.0000000e+00   0.0000000e+00   3.6451759e-03   0.0000000e+00   3.6624360e-04   0.0000000e+00   8.3303761e-03   0.0000000e+00   0.0000000e+00   0.0000000e+00   1.4619353e-03   0.0000000e+00   8.0369582e-03   0.0000000e+00   1.8342690e-02   0.0000000e+00   0.0000000e+00   0.0000000e+00   0.0000000e+00   0.0000000e+00   0.0000000e+00   0.0000000e+00   0.0000000e+00   0.0000000e+00   0.0000000e+00   0.0000000e+00   0.0000000e+00   0.0000000e+00   0.0000000e+00   0.0000000e+00   0.0000000e+00   0.0000000e+00   0.0000000e+00   0.0000000e+00   2.6338184e-04   0.0000000e+00   5.5990798e-03   0.0000000e+00   5.0844602e-04   0.0000000e+00   4.9149130e-03   0.0000000e+00   3.6449291e-03   0.0000000e+00   2.1708123e-03   0.0000000e+00   0.0000000e+00   0.0000000e+00   0.0000000e+00   0.0000000e+00   0.0000000e+00   0.0000000e+00   0.0000000e+00   0.0000000e+00   0.0000000e+00   0.0000000e+00   0.0000000e+00   0.0000000e+00   0.0000000e+00   0.0000000e+00   0.0000000e+00   0.0000000e+00   0.0000000e+00   0.0000000e+00   0.0000000e+00   0.0000000e+00   0.0000000e+00   0.0000000e+00   0.0000000e+00   0.0000000e+00   0.0000000e+00   0.0000000e+00   0.0000000e+00   0.0000000e+00   0.0000000e+00   0.0000000e+00   0.0000000e+00   0.0000000e+00   0.0000000e+00   0.0000000e+00   0.0000000e+00   0.0000000e+00   0.0000000e+00   0.0000000e+00   0.0000000e+00   0.0000000e+00   0.0000000e+00   0.0000000e+00   0.0000000e+00   0.0000000e+00   0.0000000e+00   0.0000000e+00   0.0000000e+00   0.0000000e+00   0.0000000e+00   0.0000000e+00   0.0000000e+00   0.0000000e+00
   0.0000000e+00   0.0000000e+00   0.0000000e+00   0.0000000e+00   0.0000000e+00   0.0000000e+00   0.0000000e+00   1.0578176e-03   0.0000000e+00   1.6315969e-03   8.7779866e-04   0.0000000e+00   0.0000000e+00   0.0000000e+00   0.0000000e+00   5.7881356e-03   0.0000000e+00   0.0000000e+00   7.8556959e-04   8.6184655e-03   0.0000000e+00   0.0000000e+00   0.0000000e+00   3.8292474e-03   0.0000000e+00   5.3907000e-03   0.0000000e+00   1.2978999e-02   0.0000000e+00   0.0000000e+00   0.0000000e+00   0.0000000e+00   0.0000000e+00   0.0000000e+00   0.0000000e+00   0.0000000e+00   0.0000000e+00   0.0000000e+00   0.0000000e+00   0.0000000e+00   0.0000000e+00   0.0000000e+00   0.0000000e+00   0.0000000e+00   0.0000000e+00   0.0000000e+00   0.0000000e+00   6.3846096e-04   0.0000000e+00   6.9378580e-04   0.0000000e+00   0.0000000e+00   0.0000000e+00   3.9496079e-04   0.0000000e+00   4.7284947e-03   0.0000000e+00   2.7486139e-03   0.0000000e+00   0.0000000e+00   0.0000000e+00   0.0000000e+00   0.0000000e+00   0.0000000e+00   0.0000000e+00   0.0000000e+00   0.0000000e+00   0.0000000e+00   0.0000000e+00   0.0000000e+00   0.0000000e+00   0.0000000e+00   0.0000000e+00   0.0000000e+00   0.0000000e+00   0.0000000e+00   0.0000000e+00   0.0000000e+00   0.0000000e+00   0.0000000e+00   0.0000000e+00   0.0000000e+00   0.0000000e+00   0.0000000e+00   0.0000000e+00   0.0000000e+00   0.0000000e+00   0.0000000e+00   0.0000000e+00   0.0000000e+00   0.0000000e+00   0.0000000e+00   0.0000000e+00   0.0000000e+00   0.0000000e+00   0.0000000e+00   0.0000000e+00   0.0000000e+00   0.0000000e+00   0.0000000e+00   0.0000000e+00   0.0000000e+00   0.0000000e+00   0.0000000e+00   0.0000000e+00   0.0000000e+00   0.0000000e+00   0.0000000e+00   0.0000000e+00   0.0000000e+00
