   0.0000000e+00   2.3417260e-02   1.1597123e-03   8.6226862e-03   8.7100218e-03   1.6411632e-03   2.0831428e-03   2.0927389e-03   0.0000000e+00   0.0000000e+00   0.0000000e+00   0.0000000e+00   0.0000000e+00   0.0000000e+00   1.4969823e-02   0.0000000e+00   0.0000000e+00   0.0000000e+00   8.5818763e-03   0.0000000e+00   0.0000000e+00   0.0000000e+00   0.0000000e+00   0.0000000e+00   0.0000000e+00   0.0000000e+00   4.8530636e-03   0.0000000e+00   1.0204918e-03   0.0000000e+00   0.0000000e+00   0.0000000e+00   0.0000000e+00   0.0000000e+00   0.0000000e+00   0.0000000e+00   0.0000000e+00   0.0000000e+00   0.0000000e+00   0.0000000e+00   0.0000000e+00   0.0000000e+00   0.0000000e+00   0.0000000e+00   0.0000000e+00   0.0000000e+00   4.2627353e-03   0.0000000e+00   3.5309062e-03   0.0000000e+00   0.0000000e+00   0.0000000e+00   0.0000000e+00   0.0000000e+00   0.0000000e+00   0.0000000e+00   4.0468277e-03   0.0000000e+00   0.0000000e+00   0.0000000e+00   5.4526868e-04   0.0000000e+00   3.5246291e-04   0.0000000e+00   3.4790779e-03   0.0000000e+00   3.8046078e-04   0.0000000e+00   0.0000000e+00   0.0000000e+00   0.0000000e+00   0.0000000e+00   4.6732650e-04   0.0000000e+00   2.0300847e-04   0.0000000e+00   0.0000000e+00   0.0000000e+00   0.0000000e+00   0.0000000e+00   3.7773855e-03   0.0000000e+00   4.6260467e-04   0.0000000e+00   1.1175702e-03   0.0000000e+00   3.7287225e-03   0.0000000e+00   0.0000000e+00   0.0000000e+00   0.0000000e+00   0.0000000e+00   0.0000000e+00   0.0000000e+00   0.0000000e+00   0.0000000e+00   0.0000000e+00   0.0000000e+00   0.0000000e+00   0.0000000e+00   0.0000000e+00   0.0000000e+00   0.0000000e+00   0.0000000e+00   0.0000000e+00   0.0000000e+00   0.0000000e+00   0.0000000e+00   1.0845940e-03   0.0000000e+00
   2.3417260e-02   0.0000000e+00   9.5252213e-04   8.8888565e-03   5.4890112e-04   0.0000000e+00   1.3426395e-03   0.0000000e+00   2.0264784e-03   0.0000000e+00   0.0000000e+00   0.0000000e+00   0.0000000e+00   9.5970649e-04   1.5422856e-03   1.2576218e-04   0.0000000e+00   0.0000000e+00   1.6459614e-04   8.0169413e-04   0.0000000e+00   0.0000000e+00   0.0000000e+00   0.0000000e+00   0.0000000e+00   0.0000000e+00   3.1926819e-04   0.0000000e+00   0.0000000e+00   0.0000000e+00   0.0000000e+00   0.0000000e+00   0.0000000e+00   0.0000000e+00   0.0000000e+00   0.0000000e+00   0.0000000e+00   0.0000000e+00   0.0000000e+00   0.0000000e+00   0.0000000e+00   0.0000000e+00   0.0000000e+00   0.0000000e+00   0.0000000e+00   0.0000000e+00   0.0000000e+00   0.0000000e+00   0.0000000e+00   0.0000000e+00   0.0000000e+00   0.0000000e+00   0.0000000e+00   0.0000000e+00   0.0000000e+00   0.0000000e+00   0.0000000e+00   0.0000000e+00   0.0000000e+00   0.0000000e+00   0.0000000e+00   0.0000000e+00   6.4922040e-03   7.7643847e-04   0.0000000e+00   0.0000000e+00   1.1864443e-03   7.2348726e-04   2.5829213e-03   4.3458410e-04   5.8026045e-04   0.0000000e+00   0.0000000e+00   0.0000000e+00   0.0000000e+00   0.0000000e+00   0.0000000e+00   0.0000000e+00   0.0000000e+00   0.0000000e+00   3.9349191e-04   0.0000000e+00   0.0000000e+00   0.0000000e+00   0.0000000e+00   0.0000000e+00   8.3961359e-04   0.0000000e+00   0.0000000e+00   0.0000000e+00   0.0000000e+00   0.0000000e+00   0.0000000e+00   0.0000000e+00   0.0000000e+00   0.0000000e+00   0.0000000e+00   0.0000000e+00   0.0000000e+00   0.0000000e+00   0.0000000e+00   0.0000000e+00   0.0000000e+00   0.0000000e+00   0.0000000e+00   0.0000000e+00   0.0000000e+00   0.0000000e+00   0.0000000e+00   0.0000000e+00
   1.1597123e-03   9.5252213e-04   0.0000000e+00   6.7337948e-03   0.0000000e+00   0.0000000e+00   2.8240552e-03   0.0000000e+00   0.0000000e+00   0.0000000e+00   0.0000000e+00   0.0000000e+00   0.0000000e+00   0.0000000e+00   2.4551427e-02   0.0000000e+00   0.0000000e+00   0.0000000e+00   6.3585729e-03   0.0000000e+00   0.0000000e+00   0.0000000e+00   1.6857766e-03   0.0000000e+00   1.6847084e-03   0.0000000e+00   8.0207935e-03   0.0000000e+00   3.3465123e-04   0.0000000e+00   0.0000000e+00   0.0000000e+00   0.0000000e+00   0.0000000e+00   0.0000000e+00   0.0000000e+00   0.0000000e+00   0.0000000e+00   0.0000000e+00   0.0000000e+00   0.0000000e+00   0.0000000e+00   0.0000000e+00   0.0000000e+00   0.0000000e+00   0.0000000e+00   1.0106757e-02   0.0000000e+00   3.2921691e-03   0.0000000e+00   0.0000000e+00   0.0000000e+00   0.0000000e+00   0.0000000e+00   0.0000000e+00   0.0000000e+00   2.4088310e-03   0.0000000e+00   0.0000000e+00   0.0000000e+00   0.0000000e+00   0.0000000e+00   4.1122622e-03   0.0000000e+00   0.0000000e+00   0.0000000e+00   3.0560551e-03   0.0000000e+00   3.5735879e-04   0.0000000e+00   0.0000000e+00   0.0000000e+00   0.0000000e+00   0.0000000e+00   0.0000000e+00   0.0000000e+00   0.0000000e+00   0.0000000e+00   9.0707742e-04   0.0000000e+00   0.0000000e+00   0.0000000e+00   0.0000000e+00   0.0000000e+00   0.0000000e+00   0.0000000e+00   0.0000000e+00   0.0000000e+00   0.0000000e+00   0.0000000e+00   0.0000000e+00   0.0000000e+00   0.0000000e+00   0.0000000e+00   5.5289456e-04   0.0000000e+00   0.0000000e+00   0.0000000e+00   0.0000000e+00   0.0000000e+00   0.0000000e+00   0.0000000e+00   0.0000000e+00   0.0000000e+00   0.0000000e+00   0.0000000e+00   0.0000000e+00   0.0000000e+00   2.9839181e-03   0.0000000e+00
   8.6226862e-03   8.8888565e-03   6.7337948e-03   0.0000000e+00   0.0000000e+00   0.0000000e+00   8.0590590e-03   9.5059252e-04   0.0000000e+00   0.0000000e+00   0.0000000e+00   0.0000000e+00   0.0000000e+00   0.0000000e+00   1.7309115e-02   0.0000000e+00   0.0000000e+00   0.0000000e+00   2.1044915e-03   0.0000000e+00   0.0000000e+00   0.0000000e+00   0.0000000e+00   0.0000000e+00   0.0000000e+00   0.0000000e+00   1.1130433e-02   0.0000000e+00   0.0000000e+00   0.0000000e+00   0.0000000e+00   0.0000000e+00   0.0000000e+00   0.0000000e+00   0.0000000e+00   0.0000000e+00   0.0000000e+00   0.0000000e+00   0.0000000e+00   0.0000000e+00   0.0000000e+00   0.0000000e+00   0.0000000e+00   0.0000000e+00   0.0000000e+00   0.0000000e+00   8.0935557e-03   0.0000000e+00   1.0358768e-02   0.0000000e+00   0.0000000e+00   0.0000000e+00   0.0000000e+00   0.0000000e+00   0.0000000e+00   0.0000000e+00   5.9788012e-03   0.0000000e+00   0.0000000e+00   0.0000000e+00   0.0000000e+00   0.0000000e+00   1.7755194e-03   0.0000000e+00   0.0000000e+00   0.0000000e+00   0.0000000e+00   0.0000000e+00   0.0000000e+00   0.0000000e+00   0.0000000e+00   0.0000000e+00   0.0000000e+00   0.0000000e+00   0.0000000e+00   0.0000000e+00   0.0000000e+00   0.0000000e+00   0.0000000e+00   0.0000000e+00   0.0000000e+00   0.0000000e+00   8.3157224e-04   0.0000000e+00   0.0000000e+00   0.0000000e+00   0.0000000e+00   0.0000000e+00   0.0000000e+00   0.0000000e+00   0.0000000e+00   0.0000000e+00   0.0000000e+00   0.0000000e+00   0.0000000e+00   0.0000000e+00   0.0000000e+00   0.0000000e+00   0.0000000e+00   0.0000000e+00   0.0000000e+00   0.0000000e+00   0.0000000e+00   0.0000000e+00   0.0000000e+00   0.0000000e+00   0.0000000e+00   0.0000000e+00   8.1594152e-04   0.0000000e+00
   8.7100218e-03   5.4890112e-04   0.0000000e+00   0.0000000e+00   0.0000000e+00   1.7612684e-02   0.0000000e+00   0.0000000e+00   0.0000000e+00   0.0000000e+00   0.0000000e+00   6.8265738e-04   0.0000000e+00   0.0000000e+00   2.3613186e-04   0.0000000e+00   0.0000000e+00   0.0000000e+00   5.4945076e-04   0.0000000e+00   0.0000000e+00   0.0000000e+00   0.0000000e+00   0.0000000e+00   0.0000000e+00   0.0000000e+00   1.3920531e-03   0.0000000e+00   5.6994872e-03   0.0000000e+00   0.0000000e+00   0.0000000e+00   0.0000000e+00   0.0000000e+00   0.0000000e+00   0.0000000e+00   0.0000000e+00   0.0000000e+00   0.0000000e+00   0.0000000e+00   0.0000000e+00   0.0000000e+00   0.0000000e+00   0.0000000e+00   0.0000000e+00   0.0000000e+00   5.0046164e-04   0.0000000e+00   0.0000000e+00   0.0000000e+00   0.0000000e+00   0.0000000e+00   0.0000000e+00   0.0000000e+00   0.0000000e+00   0.0000000e+00   0.0000000e+00   0.0000000e+00   0.0000000e+00   0.0000000e+00   6.9799091e-03   0.0000000e+00   0.0000000e+00   6.2147629e-04   0.0000000e+00   0.0000000e+00   0.0000000e+00   0.0000000e+00   0.0000000e+00   3.7824282e-04   0.0000000e+00   0.0000000e+00   3.9656499e-03   0.0000000e+00   7.3425245e-03   0.0000000e+00   4.3400615e-03   0.0000000e+00   4.7285170e-03   0.0000000e+00   1.5925324e-02   0.0000000e+00   1.8240661e-02   0.0000000e+00   1.1254508e-02   0.0000000e+00   6.9380029e-03   0.0000000e+00   5.5388852e-03   0.0000000e+00   1.3350356e-04   0.0000000e+00   0.0000000e+00   0.0000000e+00   0.0000000e+00   0.0000000e+00   0.0000000e+00   0.0000000e+00   0.0000000e+00   0.0000000e+00   0.0000000e+00   0.0000000e+00   0.0000000e+00   0.0000000e+00   0.0000000e+00   0.0000000e+00   6.5537043e-04   0.0000000e+00   2.2658731e-03   0.0000000e+00
   1.6411632e-03   0.0000000e+00   0.0000000e+00   0.0000000e+00   1.7612684e-02   0.0000000e+00   1.8283077e-03   0.0000000e+00   0.0000000e+00   0.0000000e+00   0.0000000e+00   0.0000000e+00   0.0000000e+00   0.0000000e+00   1.1824558e-03   0.0000000e+00   2.4788546e-03   0.0000000e+00   0.0000000e+00   0.0000000e+00   0.0000000e+00   0.0000000e+00   0.0000000e+00   0.0000000e+00   0.0000000e+00   0.0000000e+00   0.0000000e+00   0.0000000e+00   2.9908312e-03   0.0000000e+00   0.0000000e+00   0.0000000e+00   0.0000000e+00   0.0000000e+00   0.0000000e+00   0.0000000e+00   0.0000000e+00   0.0000000e+00   0.0000000e+00   0.0000000e+00   0.0000000e+00   0.0000000e+00   0.0000000e+00   0.0000000e+00   0.0000000e+00   0.0000000e+00   0.0000000e+00   0.0000000e+00   0.0000000e+00   0.0000000e+00   0.0000000e+00   0.0000000e+00   0.0000000e+00   0.0000000e+00   0.0000000e+00   0.0000000e+00   0.0000000e+00   0.0000000e+00   0.0000000e+00   0.0000000e+00   0.0000000e+00   0.0000000e+00   6.8383090e-03   0.0000000e+00   0.0000000e+00   0.0000000e+00   1.1409680e-03   0.0000000e+00   0.0000000e+00   0.0000000e+00   0.0000000e+00   0.0000000e+00   6.8354028e-04   0.0000000e+00   4.5219360e-04   0.0000000e+00   0.0000000e+00   0.0000000e+00   3.0745661e-03   0.0000000e+00   5.9393138e-03   0.0000000e+00   1.3962585e-03   0.0000000e+00   1.7163991e-03   0.0000000e+00   3.0019780e-04   0.0000000e+00   0.0000000e+00   0.0000000e+00   0.0000000e+00   0.0000000e+00   0.0000000e+00   0.0000000e+00   0.0000000e+00   0.0000000e+00   0.0000000e+00   0.0000000e+00   0.0000000e+00   0.0000000e+00   0.0000000e+00   0.0000000e+00   0.0000000e+00   0.0000000e+00   0.0000000e+00   0.0000000e+00   0.0000000e+00   0.0000000e+00   2.6399889e-04   0.0000000e+00
   2.0831428e-03   1.3426395e-03   2.8240552e-03   8.0590590e-03   0.0000000e+00   1.8283077e-03   0.0000000e+00   0.0000000e+00   0.0000000e+00   0.0000000e+00   0.0000000e+00   0.0000000e+00   0.0000000e+00   4.0071544e-03   3.2494216e-04   0.0000000e+00   0.0000000e+00   0.0000000e+00   0.0000000e+00   0.0000000e+00   0.0000000e+00   0.0000000e+00   0.0000000e+00   0.0000000e+00   0.0000000e+00   0.0000000e+00   0.0000000e+00   0.0000000e+00   0.0000000e+00   0.0000000e+00   0.0000000e+00   0.0000000e+00   0.0000000e+00   0.0000000e+00   0.0000000e+00   0.0000000e+00   0.0000000e+00   0.0000000e+00   0.0000000e+00   0.0000000e+00   0.0000000e+00   0.0000000e+00   0.0000000e+00   0.0000000e+00   0.0000000e+00   0.0000000e+00   0.0000000e+00   0.0000000e+00   0.0000000e+00   0.0000000e+00   0.0000000e+00   0.0000000e+00   0.0000000e+00   0.0000000e+00   0.0000000e+00   0.0000000e+00   0.0000000e+00   0.0000000e+00   0.0000000e+00   0.0000000e+00   0.0000000e+00   0.0000000e+00   9.4552495e-03   4.6706288e-03   0.0000000e+00   0.0000000e+00   7.4690016e-03   2.2772667e-03   4.1794810e-03   1.9375198e-03   1.7568664e-03   0.0000000e+00   0.0000000e+00   0.0000000e+00   0.0000000e+00   0.0000000e+00   0.0000000e+00   0.0000000e+00   0.0000000e+00   0.0000000e+00   0.0000000e+00   0.0000000e+00   0.0000000e+00   0.0000000e+00   0.0000000e+00   0.0000000e+00   0.0000000e+00   0.0000000e+00   0.0000000e+00   0.0000000e+00   0.0000000e+00   0.0000000e+00   0.0000000e+00   0.0000000e+00   0.0000000e+00   0.0000000e+00   0.0000000e+00   0.0000000e+00   0.0000000e+00   0.0000000e+00   0.0000000e+00   0.0000000e+00   0.0000000e+00   0.0000000e+00   0.0000000e+00   0.0000000e+00   0.0000000e+00   0.0000000e+00   0.0000000e+00   0.0000000e+00
   2.0927389e-03   0.0000000e+00   0.0000000e+00   9.5059252e-04   0.0000000e+00   0.0000000e+00   0.0000000e+00   0.0000000e+00   3.4667841e-02   3.4777175e-03   1.6472953e-03   1.2916057e-02   2.3836258e-04   5.1249922e-03   0.0000000e+00   1.1124789e-02   0.0000000e+00   0.0000000e+00   0.0000000e+00   1.9306057e-02   0.0000000e+00   2.3241355e-03   0.0000000e+00   0.0000000e+00   0.0000000e+00   0.0000000e+00   0.0000000e+00   1.0057372e-02   0.0000000e+00   1.0933745e-03   0.0000000e+00   0.0000000e+00   0.0000000e+00   0.0000000e+00   0.0000000e+00   0.0000000e+00   0.0000000e+00   0.0000000e+00   0.0000000e+00   0.0000000e+00   0.0000000e+00   0.0000000e+00   0.0000000e+00   0.0000000e+00   0.0000000e+00   0.0000000e+00   0.0000000e+00   2.8051121e-03   0.0000000e+00   3.2649991e-03   0.0000000e+00   0.0000000e+00   0.0000000e+00   0.0000000e+00   0.0000000e+00   0.0000000e+00   0.0000000e+00   4.4336589e-03   0.0000000e+00   0.0000000e+00   0.0000000e+00   3.7445384e-04   0.0000000e+00   1.3444077e-03   0.0000000e+00   0.0000000e+00   0.0000000e+00   0.0000000e+00   0.0000000e+00   4.2734262e-04   0.0000000e+00   0.0000000e+00   5.3234328e-05   0.0000000e+00   0.0000000e+00   2.5722913e-03   0.0000000e+00   9.0965818e-04   0.0000000e+00   3.9517033e-04   0.0000000e+00   6.8754769e-04   0.0000000e+00   2.3516110e-03   0.0000000e+00   1.3912991e-03   0.0000000e+00   0.0000000e+00   0.0000000e+00   0.0000000e+00   0.0000000e+00   0.0000000e+00   0.0000000e+00   0.0000000e+00   0.0000000e+00   0.0000000e+00   0.0000000e+00   0.0000000e+00   0.0000000e+00   0.0000000e+00   0.0000000e+00   0.0000000e+00   0.0000000e+00   0.0000000e+00   0.0000000e+00   0.0000000e+00   0.0000000e+00   0.0000000e+00   1.9426448e-04   4.5802142e-04
   0.0000000e+00   2.0264784e-03   0.0000000e+00   0.0000000e+00   0.0000000e+00   0.0000000e+00   0.0000000e+00   3.4667841e-02   0.0000000e+00   0.0000000e+00   1.8254860e-03   7.7600170e-03   0.0000000e+00   0.0000000e+00   0.0000000e+00   2.2497436e-03   0.0000000e+00   0.0000000e+00   0.0000000e+00   5.1520618e-03   0.0000000e+00   0.0000000e+00   0.0000000e+00   0.0000000e+00   0.0000000e+00   0.0000000e+00   0.0000000e+00   2.8171585e-03   0.0000000e+00   1.9177067e-04   0.0000000e+00   0.0000000e+00   0.0000000e+00   0.0000000e+00   0.0000000e+00   0.0000000e+00   0.0000000e+00   0.0000000e+00   0.0000000e+00   0.0000000e+00   0.0000000e+00   0.0000000e+00   0.0000000e+00   0.0000000e+00   0.0000000e+00   0.0000000e+00   0.0000000e+00   3.1970837e-04   0.0000000e+00   0.0000000e+00   0.0000000e+00   0.0000000e+00   0.0000000e+00   0.0000000e+00   0.0000000e+00   0.0000000e+00   0.0000000e+00   0.0000000e+00   0.0000000e+00   0.0000000e+00   0.0000000e+00   0.0000000e+00   2.8824306e-03   0.0000000e+00   0.0000000e+00   0.0000000e+00   0.0000000e+00   0.0000000e+00   1.3670285e-03   0.0000000e+00   0.0000000e+00   0.0000000e+00   0.0000000e+00   0.0000000e+00   0.0000000e+00   0.0000000e+00   0.0000000e+00   0.0000000e+00   0.0000000e+00   0.0000000e+00   0.0000000e+00   2.9863226e-04   0.0000000e+00   6.4902390e-04   0.0000000e+00   0.0000000e+00   0.0000000e+00   0.0000000e+00   0.0000000e+00   0.0000000e+00   0.0000000e+00   0.0000000e+00   0.0000000e+00   0.0000000e+00   0.0000000e+00   0.0000000e+00   0.0000000e+00   0.0000000e+00   0.0000000e+00   0.0000000e+00   0.0000000e+00   0.0000000e+00   0.0000000e+00   0.0000000e+00   0.0000000e+00   0.0000000e+00   0.0000000e+00   0.0000000e+00   0.0000000e+00   0.0000000e+00
   0.0000000e+00   0.0000000e+00   0.0000000e+00   0.0000000e+00   0.0000000e+00   0.0000000e+00   0.0000000e+00   3.4777175e-03   0.0000000e+00   0.0000000e+00   5.6941446e-03   9.4883886e-04   4.5502586e-03   0.0000000e+00   1.0949676e-04   1.2846729e-02   0.0000000e+00   3.6120629e-03   0.0000000e+00   2.7090843e-03   0.0000000e+00   1.6310590e-03   0.0000000e+00   6.7220888e-03   0.0000000e+00   4.3447606e-03   0.0000000e+00   2.3513804e-04   0.0000000e+00   1.1889082e-03   0.0000000e+00   0.0000000e+00   0.0000000e+00   0.0000000e+00   0.0000000e+00   0.0000000e+00   0.0000000e+00   3.6763322e-03   0.0000000e+00   5.3945789e-03   0.0000000e+00   0.0000000e+00   0.0000000e+00   3.4582149e-03   0.0000000e+00   0.0000000e+00   0.0000000e+00   2.6862962e-03   0.0000000e+00   2.6229030e-03   0.0000000e+00   0.0000000e+00   0.0000000e+00   3.1747612e-04   0.0000000e+00   0.0000000e+00   0.0000000e+00   0.0000000e+00   0.0000000e+00   0.0000000e+00   0.0000000e+00   0.0000000e+00   0.0000000e+00   4.0546384e-03   0.0000000e+00   0.0000000e+00   0.0000000e+00   3.4758044e-03   0.0000000e+00   0.0000000e+00   0.0000000e+00   0.0000000e+00   0.0000000e+00   0.0000000e+00   0.0000000e+00   0.0000000e+00   0.0000000e+00   0.0000000e+00   0.0000000e+00   3.8456463e-03   0.0000000e+00   0.0000000e+00   0.0000000e+00   0.0000000e+00   0.0000000e+00   0.0000000e+00   0.0000000e+00   0.0000000e+00   0.0000000e+00   0.0000000e+00   0.0000000e+00   0.0000000e+00   0.0000000e+00   0.0000000e+00   0.0000000e+00   1.1621116e-02   0.0000000e+00   4.3890025e-03   0.0000000e+00   0.0000000e+00   0.0000000e+00   1.2823510e-03   0.0000000e+00   0.0000000e+00   0.0000000e+00   0.0000000e+00   0.0000000e+00   0.0000000e+00   0.0000000e+00   8.1083609e-04
   0.0000000e+00   0.0000000e+00   0.0000000e+00   0.0000000e+00   0.0000000e+00   0.0000000e+00   0.0000000e+00   1.6472953e-03   1.8254860e-03   5.6941446e-03   0.0000000e+00   7.0168130e-04   2.6853867e-03   4.4058614e-03   1.1830588e-04   7.8980988e-03   0.0000000e+00   5.4630012e-04   0.0000000e+00   3.7330856e-03   0.0000000e+00   1.6723434e-03   0.0000000e+00   4.0110406e-03   0.0000000e+00   2.4482596e-03   0.0000000e+00   6.0447472e-03   0.0000000e+00   9.5456882e-04   0.0000000e+00   0.0000000e+00   0.0000000e+00   0.0000000e+00   0.0000000e+00   0.0000000e+00   0.0000000e+00   1.4082724e-03   0.0000000e+00   2.1848864e-03   0.0000000e+00   0.0000000e+00   0.0000000e+00   0.0000000e+00   0.0000000e+00   0.0000000e+00   0.0000000e+00   6.5291421e-03   0.0000000e+00   4.4799336e-03   0.0000000e+00   0.0000000e+00   0.0000000e+00   0.0000000e+00   0.0000000e+00   0.0000000e+00   0.0000000e+00   1.5424913e-03   0.0000000e+00   0.0000000e+00   0.0000000e+00   0.0000000e+00   0.0000000e+00   1.0703913e-03   0.0000000e+00   0.0000000e+00   0.0000000e+00   7.2366597e-04   0.0000000e+00   0.0000000e+00   0.0000000e+00   0.0000000e+00   0.0000000e+00   4.9027269e-04   0.0000000e+00   0.0000000e+00   0.0000000e+00   0.0000000e+00   0.0000000e+00   2.2634668e-03   0.0000000e+00   0.0000000e+00   0.0000000e+00   0.0000000e+00   0.0000000e+00   0.0000000e+00   0.0000000e+00   0.0000000e+00   0.0000000e+00   0.0000000e+00   0.0000000e+00   0.0000000e+00   0.0000000e+00   0.0000000e+00   0.0000000e+00   4.3503317e-03   0.0000000e+00   0.0000000e+00   0.0000000e+00   0.0000000e+00   0.0000000e+00   0.0000000e+00   0.0000000e+00   0.0000000e+00   0.0000000e+00   0.0000000e+00   0.0000000e+00   0.0000000e+00   0.0000000e+00   1.1252689e-03
   0.0000000e+00   0.0000000e+00   0.0000000e+00   0.0000000e+00   6.8265738e-04   0.0000000e+00   0.0000000e+00   1.2916057e-02   7.7600170e-03   9.4883886e-04   7.0168130e-04   0.0000000e+00   1.4470491e-02   8.3183689e-04   9.8130925e-05   1.0233307e-03   0.0000000e+00   0.0000000e+00   0.0000000e+00   0.0000000e+00   0.0000000e+00   0.0000000e+00   0.0000000e+00   0.0000000e+00   0.0000000e+00   0.0000000e+00   0.0000000e+00   2.8536897e-04   0.0000000e+00   1.5273512e-03   0.0000000e+00   0.0000000e+00   0.0000000e+00   0.0000000e+00   0.0000000e+00   0.0000000e+00   0.0000000e+00   0.0000000e+00   0.0000000e+00   0.0000000e+00   0.0000000e+00   0.0000000e+00   0.0000000e+00   0.0000000e+00   0.0000000e+00   0.0000000e+00   0.0000000e+00   0.0000000e+00   0.0000000e+00   0.0000000e+00   0.0000000e+00   0.0000000e+00   0.0000000e+00   0.0000000e+00   0.0000000e+00   0.0000000e+00   0.0000000e+00   4.0892844e-04   0.0000000e+00   2.6989404e-04   9.1537845e-04   7.5018589e-03   0.0000000e+00   8.7072177e-03   0.0000000e+00   0.0000000e+00   0.0000000e+00   3.0953778e-03   5.6975381e-04   2.3234034e-03   4.9588706e-04   0.0000000e+00   2.1482585e-03   3.0275340e-03   2.8238360e-03   9.2280904e-03   6.3381967e-03   8.5623635e-03   0.0000000e+00   4.6374338e-03   0.0000000e+00   1.1222275e-02   0.0000000e+00   1.2804371e-02   2.3040390e-04   8.7752062e-03   0.0000000e+00   1.2547551e-03   0.0000000e+00   3.9603187e-03   0.0000000e+00   3.8834719e-04   0.0000000e+00   7.2202471e-04   0.0000000e+00   0.0000000e+00   0.0000000e+00   0.0000000e+00   0.0000000e+00   0.0000000e+00   0.0000000e+00   0.0000000e+00   0.0000000e+00   0.0000000e+00   0.0000000e+00   0.0000000e+00   0.0000000e+00   2.2442209e-03   3.0188049e-04   6.4815929e-04
   0.0000000e+00   0.0000000e+00   0.0000000e+00   0.0000000e+00   0.0000000e+00   0.0000000e+00   0.0000000e+00   2.3836258e-04   0.0000000e+00   4.5502586e-03   2.6853867e-03   1.4470491e-02   0.0000000e+00   4.7684951e-03   9.7170750e-05   2.2288877e-03   0.0000000e+00   5.4782187e-04   0.0000000e+00   0.0000000e+00   0.0000000e+00   0.0000000e+00   0.0000000e+00   0.0000000e+00   0.0000000e+00   0.0000000e+00   0.0000000e+00   0.0000000e+00   0.0000000e+00   6.1854068e-03   0.0000000e+00   0.0000000e+00   0.0000000e+00   0.0000000e+00   0.0000000e+00   0.0000000e+00   0.0000000e+00   0.0000000e+00   0.0000000e+00   0.0000000e+00   0.0000000e+00   0.0000000e+00   0.0000000e+00   0.0000000e+00   0.0000000e+00   0.0000000e+00   0.0000000e+00   0.0000000e+00   0.0000000e+00   0.0000000e+00   0.0000000e+00   0.0000000e+00   0.0000000e+00   0.0000000e+00   0.0000000e+00   0.0000000e+00   0.0000000e+00   0.0000000e+00   0.0000000e+00   0.0000000e+00   0.0000000e+00   2.0157054e-04   6.6989294e-04   1.2693410e-02   0.0000000e+00   0.0000000e+00   0.0000000e+00   5.3582898e-03   6.2185137e-04   7.1269518e-04   2.9745801e-04   0.0000000e+00   0.0000000e+00   0.0000000e+00   0.0000000e+00   0.0000000e+00   0.0000000e+00   0.0000000e+00   0.0000000e+00   1.4915099e-02   0.0000000e+00   8.4234181e-03   0.0000000e+00   7.7027003e-03   0.0000000e+00   3.9876097e-04   0.0000000e+00   0.0000000e+00   0.0000000e+00   3.9409803e-04   0.0000000e+00   0.0000000e+00   0.0000000e+00   0.0000000e+00   0.0000000e+00   0.0000000e+00   0.0000000e+00   0.0000000e+00   0.0000000e+00   0.0000000e+00   0.0000000e+00   0.0000000e+00   0.0000000e+00   0.0000000e+00   0.0000000e+00   0.0000000e+00   0.0000000e+00   0.0000000e+00   0.0000000e+00   0.0000000e+00
   0.0000000e+00   9.5970649e-04   0.0000000e+00   0.0000000e+00   0.0000000e+00   0.0000000e+00   4.0071544e-03   5.1249922e-03   0.0000000e+00   0.0000000e+00   4.4058614e-03   8.3183689e-04   4.7684951e-03   0.0000000e+00   1.9040147e-04   4.0911554e-04   0.0000000e+00   0.0000000e+00   0.0000000e+00   0.0000000e+00   0.0000000e+00   0.0000000e+00   0.0000000e+00   0.0000000e+00   0.0000000e+00   0.0000000e+00   0.0000000e+00   0.0000000e+00   0.0000000e+00   2.4628638e-04   0.0000000e+00   0.0000000e+00   0.0000000e+00   0.0000000e+00   0.0000000e+00   0.0000000e+00   0.0000000e+00   0.0000000e+00   0.0000000e+00   0.0000000e+00   0.0000000e+00   0.0000000e+00   0.0000000e+00   0.0000000e+00   0.0000000e+00   0.0000000e+00   0.0000000e+00   0.0000000e+00   0.0000000e+00   0.0000000e+00   0.0000000e+00   0.0000000e+00   0.0000000e+00   0.0000000e+00   0.0000000e+00   0.0000000e+00   0.0000000e+00   0.0000000e+00   0.0000000e+00   0.0000000e+00   0.0000000e+00   0.0000000e+00   0.0000000e+00   4.5256756e-03   0.0000000e+00   0.0000000e+00   7.7093979e-04   1.8930365e-02   1.2095219e-03   8.9188988e-04   4.6965036e-04   3.9464336e-04   0.0000000e+00   0.0000000e+00   0.0000000e+00   0.0000000e+00   0.0000000e+00   0.0000000e+00   0.0000000e+00   0.0000000e+00   0.0000000e+00   0.0000000e+00   0.0000000e+00   0.0000000e+00   0.0000000e+00   0.0000000e+00   0.0000000e+00   0.0000000e+00   0.0000000e+00   0.0000000e+00   0.0000000e+00   0.0000000e+00   0.0000000e+00   0.0000000e+00   0.0000000e+00   0.0000000e+00   0.0000000e+00   0.0000000e+00   0.0000000e+00   0.0000000e+00   0.0000000e+00   0.0000000e+00   0.0000000e+00   0.0000000e+00   0.0000000e+00   0.0000000e+00   0.0000000e+00   0.0000000e+00   0.0000000e+00   0.0000000e+00
   1.4969823e-02   1.5422856e-03   2.4551427e-02   1.7309115e-02   2.3613186e-04   1.1824558e-03   3.2494216e-04   0.0000000e+00   0.0000000e+00   1.0949676e-04   1.1830588e-04   9.8130925e-05   9.7170750e-05   1.9040147e-04   0.0000000e+00   5.9929494e-03   1.0796286e-03   0.0000000e+00   5.4088452e-03   3.7164151e-04   9.4685858e-03   0.0000000e+00   1.4339829e-02   0.0000000e+00   4.0614956e-03   0.0000000e+00   1.0983841e-03   0.0000000e+00   1.4023062e-03   0.0000000e+00   0.0000000e+00   0.0000000e+00   0.0000000e+00   0.0000000e+00   0.0000000e+00   0.0000000e+00   0.0000000e+00   0.0000000e+00   0.0000000e+00   0.0000000e+00   0.0000000e+00   0.0000000e+00   0.0000000e+00   0.0000000e+00   0.0000000e+00   0.0000000e+00   0.0000000e+00   0.0000000e+00   0.0000000e+00   0.0000000e+00   0.0000000e+00   0.0000000e+00   0.0000000e+00   0.0000000e+00   0.0000000e+00   0.0000000e+00   6.4585789e-04   0.0000000e+00   1.2013062e-03   0.0000000e+00   0.0000000e+00   0.0000000e+00   2.2831381e-03   7.5671565e-04   0.0000000e+00   0.0000000e+00   4.3608516e-04   1.9143621e-04   4.5463906e-03   1.6974045e-03   2.5333993e-03   4.2958927e-04   0.0000000e+00   0.0000000e+00   0.0000000e+00   0.0000000e+00   0.0000000e+00   0.0000000e+00   1.5475609e-02   0.0000000e+00   1.0600398e-04   0.0000000e+00   0.0000000e+00   8.6627473e-05   0.0000000e+00   0.0000000e+00   0.0000000e+00   0.0000000e+00   0.0000000e+00   0.0000000e+00   0.0000000e+00   0.0000000e+00   0.0000000e+00   0.0000000e+00   4.3951901e-03   0.0000000e+00   2.7617221e-04   0.0000000e+00   0.0000000e+00   0.0000000e+00   1.3643219e-04   0.0000000e+00   0.0000000e+00   0.0000000e+00   0.0000000e+00   0.0000000e+00   0.0000000e+00   0.0000000e+00   3.8461225e-03   0.0000000e+00
   0.0000000e+00   1.2576218e-04   0.0000000e+00   0.0000000e+00   0.0000000e+00   0.0000000e+00   0.0000000e+00   1.1124789e-02   2.2497436e-03   1.2846729e-02   7.8980988e-03   1.0233307e-03   2.2288877e-03   4.0911554e-04   5.9929494e-03   0.0000000e+00   0.0000000e+00   1.3920665e-03   1.6616460e-03   8.3341247e-03   0.0000000e+00   1.0564203e-02   0.0000000e+00   7.1992657e-03   0.0000000e+00   3.4985194e-03   0.0000000e+00   2.3673720e-03   0.0000000e+00   4.2674899e-03   0.0000000e+00   0.0000000e+00   0.0000000e+00   0.0000000e+00   0.0000000e+00   0.0000000e+00   0.0000000e+00   0.0000000e+00   0.0000000e+00   0.0000000e+00   0.0000000e+00   0.0000000e+00   0.0000000e+00   0.0000000e+00   0.0000000e+00   0.0000000e+00   0.0000000e+00   0.0000000e+00   0.0000000e+00   0.0000000e+00   0.0000000e+00   0.0000000e+00   0.0000000e+00   0.0000000e+00   0.0000000e+00   0.0000000e+00   0.0000000e+00   5.8782548e-05   0.0000000e+00   0.0000000e+00   0.0000000e+00   0.0000000e+00   3.0037556e-04   3.0467179e-03   0.0000000e+00   0.0000000e+00   1.1829251e-04   6.5162295e-04   4.3719198e-04   4.9408343e-03   2.2318398e-05   7.8347005e-04   0.0000000e+00   0.0000000e+00   0.0000000e+00   0.0000000e+00   0.0000000e+00   0.0000000e+00   0.0000000e+00   1.2363294e-02   0.0000000e+00   3.0403430e-04   0.0000000e+00   9.6733089e-04   0.0000000e+00   0.0000000e+00   0.0000000e+00   0.0000000e+00   0.0000000e+00   0.0000000e+00   0.0000000e+00   0.0000000e+00   0.0000000e+00   0.0000000e+00   0.0000000e+00   2.7837543e-03   0.0000000e+00   8.7064965e-04   0.0000000e+00   0.0000000e+00   0.0000000e+00   0.0000000e+00   0.0000000e+00   0.0000000e+00   0.0000000e+00   0.0000000e+00   0.0000000e+00   0.0000000e+00   0.0000000e+00   2.4822490e-04
   0.0000000e+00   0.0000000e+00   0.0000000e+00   0.0000000e+00   0.0000000e+00   2.4788546e-03   0.0000000e+00   0.0000000e+00   0.0000000e+00   0.0000000e+00   0.0000000e+00   0.0000000e+00   0.0000000e+00   0.0000000e+00   1.0796286e-03   0.0000000e+00   0.0000000e+00   0.0000000e+00   2.5466211e-04   0.0000000e+00   2.0591098e-04   0.0000000e+00   8.5514963e-03   0.0000000e+00   1.3845432e-03   0.0000000e+00   2.1546997e-04   0.0000000e+00   1.2696530e-02   0.0000000e+00   0.0000000e+00   0.0000000e+00   0.0000000e+00   0.0000000e+00   0.0000000e+00   0.0000000e+00   0.0000000e+00   0.0000000e+00   1.5860444e-03   0.0000000e+00   0.0000000e+00   0.0000000e+00   0.0000000e+00   0.0000000e+00   3.4236116e-04   0.0000000e+00   0.0000000e+00   0.0000000e+00   0.0000000e+00   0.0000000e+00   0.0000000e+00   0.0000000e+00   0.0000000e+00   0.0000000e+00   0.0000000e+00   0.0000000e+00   1.3021373e-03   0.0000000e+00   3.6721246e-03   0.0000000e+00   0.0000000e+00   0.0000000e+00   0.0000000e+00   0.0000000e+00   0.0000000e+00   0.0000000e+00   0.0000000e+00   0.0000000e+00   0.0000000e+00   0.0000000e+00   0.0000000e+00   0.0000000e+00   0.0000000e+00   0.0000000e+00   0.0000000e+00   0.0000000e+00   0.0000000e+00   0.0000000e+00   2.1169275e-02   0.0000000e+00   5.6360147e-04   0.0000000e+00   0.0000000e+00   0.0000000e+00   0.0000000e+00   0.0000000e+00   0.0000000e+00   0.0000000e+00   0.0000000e+00   0.0000000e+00   0.0000000e+00   0.0000000e+00   8.2451759e-04   0.0000000e+00   3.1039176e-02   0.0000000e+00   2.6010751e-02   0.0000000e+00   1.2261168e-02   0.0000000e+00   1.1215303e-02   0.0000000e+00   7.8624810e-03   0.0000000e+00   1.1343452e-03   0.0000000e+00   0.0000000e+00   0.0000000e+00   3.9554989e-03   0.0000000e+00
   0.0000000e+00   0.0000000e+00   0.0000000e+00   0.0000000e+00   0.0000000e+00   0.0000000e+00   0.0000000e+00   0.0000000e+00   0.0000000e+00   3.6120629e-03   5.4630012e-04   0.0000000e+00   5.4782187e-04   0.0000000e+00   0.0000000e+00   1.3920665e-03   0.0000000e+00   0.0000000e+00   0.0000000e+00   2.5530328e-04   0.0000000e+00   0.0000000e+00   0.0000000e+00   3.7092170e-03   0.0000000e+00   3.6469956e-04   0.0000000e+00   0.0000000e+00   0.0000000e+00   8.1766388e-03   0.0000000e+00   0.0000000e+00   0.0000000e+00   0.0000000e+00   0.0000000e+00   0.0000000e+00   0.0000000e+00   0.0000000e+00   0.0000000e+00   0.0000000e+00   0.0000000e+00   0.0000000e+00   0.0000000e+00   0.0000000e+00   0.0000000e+00   0.0000000e+00   0.0000000e+00   0.0000000e+00   0.0000000e+00   0.0000000e+00   0.0000000e+00   0.0000000e+00   0.0000000e+00   0.0000000e+00   0.0000000e+00   0.0000000e+00   0.0000000e+00   0.0000000e+00   0.0000000e+00   0.0000000e+00   0.0000000e+00   0.0000000e+00   0.0000000e+00   0.0000000e+00   0.0000000e+00   0.0000000e+00   0.0000000e+00   0.0000000e+00   0.0000000e+00   0.0000000e+00   0.0000000e+00   0.0000000e+00   0.0000000e+00   0.0000000e+00   0.0000000e+00   0.0000000e+00   0.0000000e+00   0.0000000e+00   0.0000000e+00   7.0022618e-03   0.0000000e+00   0.0000000e+00   0.0000000e+00   0.0000000e+00   0.0000000e+00   3.3378821e-03   0.0000000e+00   0.0000000e+00   0.0000000e+00   0.0000000e+00   0.0000000e+00   0.0000000e+00   0.0000000e+00   2.2107114e-03   0.0000000e+00   1.9304734e-02   0.0000000e+00   1.6384318e-02   0.0000000e+00   1.5760663e-03   0.0000000e+00   5.0159690e-03   0.0000000e+00   3.2361777e-03   0.0000000e+00   1.0555896e-03   0.0000000e+00   0.0000000e+00   0.0000000e+00   6.8599057e-03
   8.5818763e-03   1.6459614e-04   6.3585729e-03   2.1044915e-03   5.4945076e-04   0.0000000e+00   0.0000000e+00   0.0000000e+00   0.0000000e+00   0.0000000e+00   0.0000000e+00   0.0000000e+00   0.0000000e+00   0.0000000e+00   5.4088452e-03   1.6616460e-03   2.5466211e-04   0.0000000e+00   0.0000000e+00   3.0204439e-02   8.3331867e-03   0.0000000e+00   0.0000000e+00   0.0000000e+00   2.9896458e-03   0.0000000e+00   1.3652261e-02   2.4274307e-03   0.0000000e+00   0.0000000e+00   0.0000000e+00   0.0000000e+00   0.0000000e+00   0.0000000e+00   0.0000000e+00   0.0000000e+00   0.0000000e+00   0.0000000e+00   0.0000000e+00   0.0000000e+00   0.0000000e+00   0.0000000e+00   0.0000000e+00   0.0000000e+00   0.0000000e+00   0.0000000e+00   1.2080123e-03   0.0000000e+00   0.0000000e+00   0.0000000e+00   0.0000000e+00   0.0000000e+00   0.0000000e+00   0.0000000e+00   0.0000000e+00   0.0000000e+00   0.0000000e+00   0.0000000e+00   0.0000000e+00   0.0000000e+00   0.0000000e+00   0.0000000e+00   0.0000000e+00   0.0000000e+00   7.1754355e-03   1.5824244e-02   0.0000000e+00   0.0000000e+00   1.4358174e-02   5.6612504e-03   8.4176474e-03   5.4916588e-04   4.1154011e-04   0.0000000e+00   9.1199487e-04   0.0000000e+00   0.0000000e+00   0.0000000e+00   0.0000000e+00   0.0000000e+00   5.7148852e-04   0.0000000e+00   0.0000000e+00   0.0000000e+00   0.0000000e+00   0.0000000e+00   0.0000000e+00   0.0000000e+00   0.0000000e+00   0.0000000e+00   0.0000000e+00   0.0000000e+00   0.0000000e+00   0.0000000e+00   2.2094554e-03   0.0000000e+00   8.8750071e-04   0.0000000e+00   0.0000000e+00   0.0000000e+00   0.0000000e+00   0.0000000e+00   0.0000000e+00   0.0000000e+00   0.0000000e+00   0.0000000e+00   0.0000000e+00   0.0000000e+00   0.0000000e+00   0.0000000e+00
   0.0000000e+00   8.0169413e-04   0.0000000e+00   0.0000000e+00   0.0000000e+00   0.0000000e+00   0.0000000e+00   1.9306057e-02   5.1520618e-03   2.7090843e-03   3.7330856e-03   0.0000000e+00   0.0000000e+00   0.0000000e+00   3.7164151e-04   8.3341247e-03   0.0000000e+00   2.5530328e-04   3.0204439e-02   0.0000000e+00   0.0000000e+00   1.1230489e-02   0.0000000e+00   2.3310844e-04   0.0000000e+00   8.4962789e-03   6.0235303e-03   2.2451320e-02   0.0000000e+00   0.0000000e+00   0.0000000e+00   0.0000000e+00   0.0000000e+00   0.0000000e+00   0.0000000e+00   0.0000000e+00   0.0000000e+00   0.0000000e+00   0.0000000e+00   0.0000000e+00   0.0000000e+00   0.0000000e+00   0.0000000e+00   0.0000000e+00   0.0000000e+00   0.0000000e+00   0.0000000e+00   7.6801060e-05   0.0000000e+00   0.0000000e+00   0.0000000e+00   0.0000000e+00   0.0000000e+00   0.0000000e+00   0.0000000e+00   0.0000000e+00   0.0000000e+00   0.0000000e+00   0.0000000e+00   0.0000000e+00   0.0000000e+00   0.0000000e+00   0.0000000e+00   0.0000000e+00   4.2673784e-02   3.2640785e-03   0.0000000e+00   0.0000000e+00   1.1545008e-03   1.1297299e-02   7.5837991e-04   1.1233381e-03   6.6798481e-05   0.0000000e+00   0.0000000e+00   0.0000000e+00   0.0000000e+00   0.0000000e+00   0.0000000e+00   0.0000000e+00   0.0000000e+00   0.0000000e+00   0.0000000e+00   0.0000000e+00   0.0000000e+00   0.0000000e+00   0.0000000e+00   0.0000000e+00   0.0000000e+00   0.0000000e+00   0.0000000e+00   0.0000000e+00   0.0000000e+00   0.0000000e+00   0.0000000e+00   0.0000000e+00   0.0000000e+00   3.6764289e-03   0.0000000e+00   0.0000000e+00   0.0000000e+00   7.5936795e-04   0.0000000e+00   9.4020596e-04   0.0000000e+00   0.0000000e+00   0.0000000e+00   0.0000000e+00   0.0000000e+00   0.0000000e+00
   0.0000000e+00   0.0000000e+00   0.0000000e+00   0.0000000e+00   0.0000000e+00   0.0000000e+00   0.0000000e+00   0.0000000e+00   0.0000000e+00   0.0000000e+00   0.0000000e+00   0.0000000e+00   0.0000000e+00   0.0000000e+00   9.4685858e-03   0.0000000e+00   2.0591098e-04   0.0000000e+00   8.3331867e-03   0.0000000e+00   0.0000000e+00   0.0000000e+00   3.8479915e-03   0.0000000e+00   1.0059008e-02   0.0000000e+00   1.9185004e-02   0.0000000e+00   0.0000000e+00   0.0000000e+00   0.0000000e+00   0.0000000e+00   0.0000000e+00   0.0000000e+00   0.0000000e+00   0.0000000e+00   0.0000000e+00   0.0000000e+00   0.0000000e+00   0.0000000e+00   0.0000000e+00   0.0000000e+00   0.0000000e+00   0.0000000e+00   0.0000000e+00   0.0000000e+00   1.7714363e-03   0.0000000e+00   0.0000000e+00   0.0000000e+00   0.0000000e+00   0.0000000e+00   0.0000000e+00   0.0000000e+00   0.0000000e+00   0.0000000e+00   0.0000000e+00   0.0000000e+00   0.0000000e+00   0.0000000e+00   0.0000000e+00   0.0000000e+00   0.0000000e+00   0.0000000e+00   0.0000000e+00   0.0000000e+00   0.0000000e+00   0.0000000e+00   0.0000000e+00   0.0000000e+00   0.0000000e+00   0.0000000e+00   0.0000000e+00   0.0000000e+00   0.0000000e+00   0.0000000e+00   0.0000000e+00   0.0000000e+00   0.0000000e+00   0.0000000e+00   0.0000000e+00   0.0000000e+00   0.0000000e+00   0.0000000e+00   0.0000000e+00   0.0000000e+00   0.0000000e+00   0.0000000e+00   0.0000000e+00   0.0000000e+00   0.0000000e+00   0.0000000e+00   0.0000000e+00   0.0000000e+00   0.0000000e+00   0.0000000e+00   0.0000000e+00   0.0000000e+00   0.0000000e+00   0.0000000e+00   0.0000000e+00   0.0000000e+00   0.0000000e+00   0.0000000e+00   0.0000000e+00   0.0000000e+00   0.0000000e+00   0.0000000e+00   0.0000000e+00   0.0000000e+00
   0.0000000e+00   0.0000000e+00   0.0000000e+00   0.0000000e+00   0.0000000e+00   0.0000000e+00   0.0000000e+00   2.3241355e-03   0.0000000e+00   1.6310590e-03   1.6723434e-03   0.0000000e+00   0.0000000e+00   0.0000000e+00   0.0000000e+00   1.0564203e-02   0.0000000e+00   0.0000000e+00   0.0000000e+00   1.1230489e-02   0.0000000e+00   0.0000000e+00   0.0000000e+00   4.3980015e-03   0.0000000e+00   7.5385245e-03   0.0000000e+00   2.0056105e-02   0.0000000e+00   0.0000000e+00   0.0000000e+00   0.0000000e+00   0.0000000e+00   0.0000000e+00   0.0000000e+00   0.0000000e+00   0.0000000e+00   0.0000000e+00   0.0000000e+00   1.7004800e-04   0.0000000e+00   0.0000000e+00   0.0000000e+00   0.0000000e+00   0.0000000e+00   0.0000000e+00   0.0000000e+00   6.3530721e-04   0.0000000e+00   0.0000000e+00   0.0000000e+00   0.0000000e+00   0.0000000e+00   0.0000000e+00   0.0000000e+00   0.0000000e+00   0.0000000e+00   0.0000000e+00   0.0000000e+00   0.0000000e+00   0.0000000e+00   0.0000000e+00   0.0000000e+00   0.0000000e+00   0.0000000e+00   0.0000000e+00   0.0000000e+00   0.0000000e+00   0.0000000e+00   0.0000000e+00   0.0000000e+00   0.0000000e+00   0.0000000e+00   0.0000000e+00   0.0000000e+00   0.0000000e+00   0.0000000e+00   0.0000000e+00   0.0000000e+00   0.0000000e+00   0.0000000e+00   0.0000000e+00   0.0000000e+00   0.0000000e+00   0.0000000e+00   0.0000000e+00   0.0000000e+00   0.0000000e+00   0.0000000e+00   0.0000000e+00   0.0000000e+00   0.0000000e+00   0.0000000e+00   0.0000000e+00   0.0000000e+00   0.0000000e+00   0.0000000e+00   3.0441672e-03   0.0000000e+00   0.0000000e+00   0.0000000e+00   2.4336401e-03   0.0000000e+00   2.1024665e-03   0.0000000e+00   0.0000000e+00   0.0000000e+00   0.0000000e+00   0.0000000e+00   0.0000000e+00
