   0.0000000e+00   1.6604305e-02   5.6297275e-03   8.2921622e-03   1.5562734e-02   4.3136170e-04   0.0000000e+00   2.8114727e-03   1.1006866e-03   0.0000000e+00   4.0483066e-04   7.2728479e-04   0.0000000e+00   0.0000000e+00   1.3302500e-02   0.0000000e+00   0.0000000e+00   0.0000000e+00   1.1006551e-02   3.2823656e-04   0.0000000e+00   0.0000000e+00   0.0000000e+00   0.0000000e+00   0.0000000e+00   0.0000000e+00   4.5167918e-03   3.8510784e-04   6.0107471e-04   1.2441010e-04   0.0000000e+00   0.0000000e+00   0.0000000e+00   0.0000000e+00   0.0000000e+00   0.0000000e+00   0.0000000e+00   0.0000000e+00   0.0000000e+00   0.0000000e+00   0.0000000e+00   0.0000000e+00   0.0000000e+00   0.0000000e+00   0.0000000e+00   0.0000000e+00   0.0000000e+00   0.0000000e+00   5.6131323e-03   0.0000000e+00   0.0000000e+00   0.0000000e+00   0.0000000e+00   0.0000000e+00   0.0000000e+00   0.0000000e+00   2.3300682e-03   0.0000000e+00   0.0000000e+00   0.0000000e+00   6.1602922e-04   0.0000000e+00   3.2852104e-04   0.0000000e+00   9.6192357e-04   0.0000000e+00   0.0000000e+00   0.0000000e+00   0.0000000e+00   0.0000000e+00   0.0000000e+00   0.0000000e+00   1.1875397e-03   0.0000000e+00   1.7324250e-03   0.0000000e+00   0.0000000e+00   0.0000000e+00   0.0000000e+00   0.0000000e+00   4.8252014e-03   0.0000000e+00   5.8302766e-04   0.0000000e+00   1.0538321e-03   2.0672082e-04   3.3831529e-03   0.0000000e+00   3.0780907e-04   0.0000000e+00   0.0000000e+00   0.0000000e+00   0.0000000e+00   0.0000000e+00   0.0000000e+00   0.0000000e+00   0.0000000e+00   0.0000000e+00   0.0000000e+00   0.0000000e+00   0.0000000e+00   0.0000000e+00   0.0000000e+00   0.0000000e+00   0.0000000e+00   0.0000000e+00   0.0000000e+00   0.0000000e+00   1.0907559e-03   0.0000000e+00
   1.6604305e-02   0.0000000e+00   3.2212995e-03   1.0033734e-03   6.6161003e-03   0.0000000e+00   5.6014481e-04   0.0000000e+00   5.2964990e-04   9.4331350e-04   0.0000000e+00   0.0000000e+00   0.0000000e+00   2.4515215e-03   1.7771685e-03   2.6394611e-04   0.0000000e+00   0.0000000e+00   2.2109414e-03   0.0000000e+00   0.0000000e+00   0.0000000e+00   0.0000000e+00   0.0000000e+00   0.0000000e+00   0.0000000e+00   1.1942695e-04   0.0000000e+00   0.0000000e+00   0.0000000e+00   0.0000000e+00   0.0000000e+00   0.0000000e+00   0.0000000e+00   0.0000000e+00   0.0000000e+00   0.0000000e+00   0.0000000e+00   0.0000000e+00   0.0000000e+00   0.0000000e+00   0.0000000e+00   0.0000000e+00   0.0000000e+00   0.0000000e+00   0.0000000e+00   0.0000000e+00   0.0000000e+00   0.0000000e+00   0.0000000e+00   0.0000000e+00   0.0000000e+00   0.0000000e+00   0.0000000e+00   0.0000000e+00   0.0000000e+00   0.0000000e+00   0.0000000e+00   0.0000000e+00   0.0000000e+00   0.0000000e+00   0.0000000e+00   5.5247395e-03   0.0000000e+00   1.6758880e-03   0.0000000e+00   4.7988312e-04   0.0000000e+00   1.6702099e-03   3.9371763e-04   4.6348112e-04   5.6491713e-04   0.0000000e+00   0.0000000e+00   0.0000000e+00   0.0000000e+00   0.0000000e+00   0.0000000e+00   0.0000000e+00   0.0000000e+00   0.0000000e+00   0.0000000e+00   0.0000000e+00   0.0000000e+00   0.0000000e+00   0.0000000e+00   8.3098179e-04   0.0000000e+00   0.0000000e+00   0.0000000e+00   0.0000000e+00   0.0000000e+00   0.0000000e+00   0.0000000e+00   0.0000000e+00   0.0000000e+00   0.0000000e+00   0.0000000e+00   0.0000000e+00   0.0000000e+00   0.0000000e+00   0.0000000e+00   0.0000000e+00   0.0000000e+00   0.0000000e+00   0.0000000e+00   0.0000000e+00   0.0000000e+00   0.0000000e+00   0.0000000e+00
   5.6297275e-03   3.2212995e-03   0.0000000e+00   5.0881229e-03   1.4637314e-03   1.2574676e-03   9.2876905e-03   3.3653455e-04   0.0000000e+00   0.0000000e+00   0.0000000e+00   0.0000000e+00   0.0000000e+00   0.0000000e+00   1.9028976e-02   0.0000000e+00   0.0000000e+00   0.0000000e+00   2.1715653e-02   0.0000000e+00   5.9373143e-04   0.0000000e+00   1.0417540e-03   0.0000000e+00   6.5278978e-04   0.0000000e+00   2.4163472e-03   0.0000000e+00   2.3290055e-04   0.0000000e+00   0.0000000e+00   0.0000000e+00   0.0000000e+00   0.0000000e+00   0.0000000e+00   0.0000000e+00   0.0000000e+00   0.0000000e+00   0.0000000e+00   0.0000000e+00   0.0000000e+00   0.0000000e+00   0.0000000e+00   0.0000000e+00   0.0000000e+00   0.0000000e+00   2.7186117e-03   0.0000000e+00   5.8470509e-04   0.0000000e+00   3.0311957e-04   0.0000000e+00   2.3119886e-03   0.0000000e+00   0.0000000e+00   0.0000000e+00   2.3075192e-03   0.0000000e+00   0.0000000e+00   0.0000000e+00   0.0000000e+00   0.0000000e+00   2.0861107e-03   0.0000000e+00   0.0000000e+00   0.0000000e+00   1.3167427e-03   0.0000000e+00   0.0000000e+00   0.0000000e+00   0.0000000e+00   0.0000000e+00   0.0000000e+00   0.0000000e+00   5.8638948e-04   0.0000000e+00   0.0000000e+00   0.0000000e+00   1.9255190e-04   0.0000000e+00   8.4820187e-04   0.0000000e+00   0.0000000e+00   0.0000000e+00   0.0000000e+00   0.0000000e+00   0.0000000e+00   0.0000000e+00   0.0000000e+00   0.0000000e+00   0.0000000e+00   0.0000000e+00   0.0000000e+00   0.0000000e+00   7.0743536e-04   0.0000000e+00   0.0000000e+00   0.0000000e+00   0.0000000e+00   0.0000000e+00   0.0000000e+00   0.0000000e+00   0.0000000e+00   0.0000000e+00   0.0000000e+00   0.0000000e+00   0.0000000e+00   0.0000000e+00   9.5205362e-04   0.0000000e+00
   8.2921622e-03   1.0033734e-03   5.0881229e-03   0.0000000e+00   6.5222497e-04   0.0000000e+00   0.0000000e+00   1.7785125e-03   0.0000000e+00   0.0000000e+00   0.0000000e+00   4.0414806e-04   0.0000000e+00   0.0000000e+00   1.0283649e-02   0.0000000e+00   0.0000000e+00   0.0000000e+00   8.8210298e-03   0.0000000e+00   0.0000000e+00   0.0000000e+00   0.0000000e+00   0.0000000e+00   0.0000000e+00   0.0000000e+00   5.4778253e-03   0.0000000e+00   0.0000000e+00   0.0000000e+00   0.0000000e+00   0.0000000e+00   0.0000000e+00   0.0000000e+00   0.0000000e+00   0.0000000e+00   0.0000000e+00   0.0000000e+00   0.0000000e+00   0.0000000e+00   0.0000000e+00   0.0000000e+00   0.0000000e+00   0.0000000e+00   0.0000000e+00   0.0000000e+00   4.1714640e-03   0.0000000e+00   1.7495423e-03   0.0000000e+00   0.0000000e+00   0.0000000e+00   0.0000000e+00   0.0000000e+00   0.0000000e+00   0.0000000e+00   1.9369925e-03   0.0000000e+00   0.0000000e+00   0.0000000e+00   0.0000000e+00   0.0000000e+00   0.0000000e+00   0.0000000e+00   0.0000000e+00   0.0000000e+00   0.0000000e+00   0.0000000e+00   0.0000000e+00   0.0000000e+00   0.0000000e+00   0.0000000e+00   0.0000000e+00   0.0000000e+00   8.1518643e-04   0.0000000e+00   0.0000000e+00   0.0000000e+00   0.0000000e+00   0.0000000e+00   0.0000000e+00   0.0000000e+00   0.0000000e+00   0.0000000e+00   0.0000000e+00   0.0000000e+00   0.0000000e+00   0.0000000e+00   0.0000000e+00   0.0000000e+00   0.0000000e+00   0.0000000e+00   0.0000000e+00   0.0000000e+00   0.0000000e+00   0.0000000e+00   0.0000000e+00   0.0000000e+00   0.0000000e+00   0.0000000e+00   0.0000000e+00   0.0000000e+00   0.0000000e+00   0.0000000e+00   0.0000000e+00   0.0000000e+00   0.0000000e+00   0.0000000e+00   1.3311778e-03   0.0000000e+00
   1.5562734e-02   6.6161003e-03   1.4637314e-03   6.5222497e-04   0.0000000e+00   1.2251770e-02   0.0000000e+00   9.3365840e-04   0.0000000e+00   0.0000000e+00   0.0000000e+00   2.9147401e-03   0.0000000e+00   0.0000000e+00   0.0000000e+00   0.0000000e+00   5.7232975e-04   0.0000000e+00   0.0000000e+00   0.0000000e+00   0.0000000e+00   0.0000000e+00   0.0000000e+00   0.0000000e+00   0.0000000e+00   0.0000000e+00   0.0000000e+00   0.0000000e+00   8.3504790e-04   0.0000000e+00   0.0000000e+00   0.0000000e+00   0.0000000e+00   0.0000000e+00   0.0000000e+00   0.0000000e+00   0.0000000e+00   0.0000000e+00   0.0000000e+00   0.0000000e+00   1.7730256e-03   0.0000000e+00   3.3768414e-04   0.0000000e+00   0.0000000e+00   0.0000000e+00   0.0000000e+00   0.0000000e+00   0.0000000e+00   0.0000000e+00   0.0000000e+00   0.0000000e+00   0.0000000e+00   0.0000000e+00   0.0000000e+00   0.0000000e+00   0.0000000e+00   0.0000000e+00   0.0000000e+00   0.0000000e+00   7.1306408e-03   3.5135027e-03   0.0000000e+00   0.0000000e+00   0.0000000e+00   0.0000000e+00   4.8402072e-04   0.0000000e+00   0.0000000e+00   0.0000000e+00   0.0000000e+00   0.0000000e+00   4.1810831e-03   0.0000000e+00   2.0343311e-03   0.0000000e+00   0.0000000e+00   0.0000000e+00   5.9423601e-04   0.0000000e+00   1.6857310e-02   0.0000000e+00   1.5577250e-02   0.0000000e+00   9.6486586e-03   2.9080640e-03   1.1281172e-02   0.0000000e+00   6.3942048e-03   0.0000000e+00   1.7872544e-03   0.0000000e+00   0.0000000e+00   0.0000000e+00   0.0000000e+00   0.0000000e+00   0.0000000e+00   0.0000000e+00   0.0000000e+00   0.0000000e+00   0.0000000e+00   0.0000000e+00   0.0000000e+00   0.0000000e+00   0.0000000e+00   0.0000000e+00   0.0000000e+00   0.0000000e+00   2.2816002e-03   1.8032721e-04
   4.3136170e-04   0.0000000e+00   1.2574676e-03   0.0000000e+00   1.2251770e-02   0.0000000e+00   1.4913519e-02   0.0000000e+00   8.1353401e-04   0.0000000e+00   0.0000000e+00   0.0000000e+00   0.0000000e+00   1.6196142e-03   1.8856311e-03   0.0000000e+00   5.3608696e-04   0.0000000e+00   0.0000000e+00   0.0000000e+00   0.0000000e+00   0.0000000e+00   0.0000000e+00   0.0000000e+00   0.0000000e+00   0.0000000e+00   1.9481425e-04   0.0000000e+00   8.6122258e-03   0.0000000e+00   0.0000000e+00   0.0000000e+00   0.0000000e+00   0.0000000e+00   0.0000000e+00   0.0000000e+00   0.0000000e+00   0.0000000e+00   0.0000000e+00   0.0000000e+00   0.0000000e+00   0.0000000e+00   0.0000000e+00   0.0000000e+00   0.0000000e+00   0.0000000e+00   2.2317076e-04   0.0000000e+00   0.0000000e+00   0.0000000e+00   0.0000000e+00   0.0000000e+00   0.0000000e+00   0.0000000e+00   0.0000000e+00   0.0000000e+00   0.0000000e+00   0.0000000e+00   0.0000000e+00   0.0000000e+00   0.0000000e+00   0.0000000e+00   6.1799413e-03   0.0000000e+00   0.0000000e+00   0.0000000e+00   5.0168698e-03   0.0000000e+00   0.0000000e+00   0.0000000e+00   5.2032233e-04   0.0000000e+00   0.0000000e+00   0.0000000e+00   0.0000000e+00   0.0000000e+00   0.0000000e+00   0.0000000e+00   7.7534951e-03   0.0000000e+00   9.1870897e-03   0.0000000e+00   6.1342190e-03   0.0000000e+00   0.0000000e+00   0.0000000e+00   3.3265098e-03   0.0000000e+00   0.0000000e+00   0.0000000e+00   0.0000000e+00   0.0000000e+00   0.0000000e+00   0.0000000e+00   0.0000000e+00   0.0000000e+00   0.0000000e+00   0.0000000e+00   0.0000000e+00   0.0000000e+00   0.0000000e+00   0.0000000e+00   0.0000000e+00   0.0000000e+00   0.0000000e+00   0.0000000e+00   0.0000000e+00   0.0000000e+00   0.0000000e+00   0.0000000e+00
   0.0000000e+00   5.6014481e-04   9.2876905e-03   0.0000000e+00   0.0000000e+00   1.4913519e-02   0.0000000e+00   0.0000000e+00   0.0000000e+00   0.0000000e+00   0.0000000e+00   0.0000000e+00   0.0000000e+00   2.2322150e-03   1.3759058e-03   0.0000000e+00   0.0000000e+00   0.0000000e+00   0.0000000e+00   0.0000000e+00   0.0000000e+00   0.0000000e+00   0.0000000e+00   0.0000000e+00   0.0000000e+00   0.0000000e+00   0.0000000e+00   0.0000000e+00   8.2907001e-04   0.0000000e+00   0.0000000e+00   0.0000000e+00   0.0000000e+00   0.0000000e+00   0.0000000e+00   0.0000000e+00   0.0000000e+00   0.0000000e+00   0.0000000e+00   0.0000000e+00   0.0000000e+00   0.0000000e+00   0.0000000e+00   0.0000000e+00   0.0000000e+00   0.0000000e+00   0.0000000e+00   0.0000000e+00   0.0000000e+00   0.0000000e+00   0.0000000e+00   0.0000000e+00   0.0000000e+00   0.0000000e+00   0.0000000e+00   0.0000000e+00   0.0000000e+00   0.0000000e+00   0.0000000e+00   0.0000000e+00   0.0000000e+00   0.0000000e+00   1.0483089e-02   0.0000000e+00   0.0000000e+00   0.0000000e+00   6.8630064e-03   1.3764309e-03   5.6127420e-03   1.1390178e-03   5.2651980e-03   1.2100168e-03   0.0000000e+00   0.0000000e+00   0.0000000e+00   0.0000000e+00   0.0000000e+00   0.0000000e+00   1.8690188e-04   0.0000000e+00   0.0000000e+00   0.0000000e+00   0.0000000e+00   0.0000000e+00   0.0000000e+00   0.0000000e+00   0.0000000e+00   0.0000000e+00   0.0000000e+00   0.0000000e+00   0.0000000e+00   0.0000000e+00   0.0000000e+00   0.0000000e+00   0.0000000e+00   0.0000000e+00   0.0000000e+00   0.0000000e+00   0.0000000e+00   0.0000000e+00   0.0000000e+00   0.0000000e+00   0.0000000e+00   0.0000000e+00   0.0000000e+00   0.0000000e+00   0.0000000e+00   0.0000000e+00   0.0000000e+00   0.0000000e+00
   2.8114727e-03   0.0000000e+00   3.3653455e-04   1.7785125e-03   9.3365840e-04   0.0000000e+00   0.0000000e+00   0.0000000e+00   1.6282011e-02   9.6475539e-03   2.9251103e-03   1.1003792e-02   1.3022419e-03   0.0000000e+00   0.0000000e+00   1.2321264e-02   0.0000000e+00   0.0000000e+00   0.0000000e+00   2.6739364e-02   0.0000000e+00   1.4137837e-03   0.0000000e+00   0.0000000e+00   0.0000000e+00   0.0000000e+00   0.0000000e+00   6.0915582e-03   2.4494483e-04   6.7618578e-04   0.0000000e+00   0.0000000e+00   0.0000000e+00   0.0000000e+00   0.0000000e+00   0.0000000e+00   0.0000000e+00   0.0000000e+00   0.0000000e+00   0.0000000e+00   0.0000000e+00   3.3348905e-03   0.0000000e+00   2.1406941e-03   0.0000000e+00   0.0000000e+00   0.0000000e+00   2.4280996e-03   0.0000000e+00   1.7178275e-03   0.0000000e+00   0.0000000e+00   0.0000000e+00   0.0000000e+00   0.0000000e+00   0.0000000e+00   0.0000000e+00   3.2210927e-04   0.0000000e+00   1.8548752e-04   3.4244310e-04   6.3451808e-04   0.0000000e+00   0.0000000e+00   0.0000000e+00   3.0205020e-03   0.0000000e+00   0.0000000e+00   0.0000000e+00   0.0000000e+00   0.0000000e+00   0.0000000e+00   0.0000000e+00   1.5651421e-03   0.0000000e+00   8.0895038e-04   0.0000000e+00   4.7977013e-04   0.0000000e+00   0.0000000e+00   0.0000000e+00   3.9688321e-04   0.0000000e+00   1.1582656e-03   2.7106177e-04   1.4565858e-03   3.4707029e-04   1.2464213e-03   0.0000000e+00   9.3758164e-04   0.0000000e+00   0.0000000e+00   0.0000000e+00   0.0000000e+00   0.0000000e+00   0.0000000e+00   0.0000000e+00   0.0000000e+00   0.0000000e+00   0.0000000e+00   0.0000000e+00   0.0000000e+00   0.0000000e+00   0.0000000e+00   0.0000000e+00   0.0000000e+00   0.0000000e+00   0.0000000e+00   0.0000000e+00   0.0000000e+00
   1.1006866e-03   5.2964990e-04   0.0000000e+00   0.0000000e+00   0.0000000e+00   8.1353401e-04   0.0000000e+00   1.6282011e-02   0.0000000e+00   2.7665850e-03   1.8467366e-03   5.9327093e-03   0.0000000e+00   1.8493280e-03   5.5479052e-04   4.1632665e-03   0.0000000e+00   0.0000000e+00   0.0000000e+00   7.6276876e-03   0.0000000e+00   0.0000000e+00   0.0000000e+00   0.0000000e+00   0.0000000e+00   0.0000000e+00   0.0000000e+00   7.7367190e-04   0.0000000e+00   0.0000000e+00   0.0000000e+00   0.0000000e+00   0.0000000e+00   0.0000000e+00   0.0000000e+00   0.0000000e+00   0.0000000e+00   0.0000000e+00   0.0000000e+00   0.0000000e+00   0.0000000e+00   1.6244865e-03   0.0000000e+00   6.9660265e-04   0.0000000e+00   0.0000000e+00   0.0000000e+00   0.0000000e+00   0.0000000e+00   0.0000000e+00   0.0000000e+00   0.0000000e+00   0.0000000e+00   0.0000000e+00   0.0000000e+00   0.0000000e+00   0.0000000e+00   0.0000000e+00   0.0000000e+00   0.0000000e+00   0.0000000e+00   0.0000000e+00   0.0000000e+00   0.0000000e+00   0.0000000e+00   4.9896093e-04   1.5944638e-03   0.0000000e+00   5.0818806e-04   2.5726281e-03   7.1043418e-04   2.6439443e-03   0.0000000e+00   0.0000000e+00   0.0000000e+00   0.0000000e+00   0.0000000e+00   0.0000000e+00   0.0000000e+00   0.0000000e+00   0.0000000e+00   0.0000000e+00   0.0000000e+00   0.0000000e+00   0.0000000e+00   0.0000000e+00   0.0000000e+00   0.0000000e+00   0.0000000e+00   0.0000000e+00   0.0000000e+00   0.0000000e+00   0.0000000e+00   0.0000000e+00   0.0000000e+00   0.0000000e+00   0.0000000e+00   0.0000000e+00   0.0000000e+00   0.0000000e+00   0.0000000e+00   0.0000000e+00   0.0000000e+00   0.0000000e+00   0.0000000e+00   0.0000000e+00   0.0000000e+00   0.0000000e+00   0.0000000e+00   0.0000000e+00
   0.0000000e+00   9.4331350e-04   0.0000000e+00   0.0000000e+00   0.0000000e+00   0.0000000e+00   0.0000000e+00   9.6475539e-03   2.7665850e-03   0.0000000e+00   8.3617904e-03   5.8163955e-03   3.7124981e-03   6.0650034e-03   1.3261827e-04   1.6675702e-02   0.0000000e+00   6.1660506e-04   0.0000000e+00   1.0574240e-02   0.0000000e+00   4.8982520e-03   0.0000000e+00   0.0000000e+00   0.0000000e+00   0.0000000e+00   0.0000000e+00   2.1121470e-02   0.0000000e+00   7.3580373e-03   0.0000000e+00   0.0000000e+00   0.0000000e+00   0.0000000e+00   0.0000000e+00   0.0000000e+00   0.0000000e+00   0.0000000e+00   0.0000000e+00   0.0000000e+00   0.0000000e+00   0.0000000e+00   0.0000000e+00   0.0000000e+00   0.0000000e+00   0.0000000e+00   0.0000000e+00   1.3027029e-02   0.0000000e+00   6.6252379e-03   0.0000000e+00   0.0000000e+00   0.0000000e+00   0.0000000e+00   0.0000000e+00   0.0000000e+00   0.0000000e+00   6.4562546e-03   0.0000000e+00   2.5227367e-04   0.0000000e+00   0.0000000e+00   0.0000000e+00   2.8692785e-03   0.0000000e+00   0.0000000e+00   4.8976973e-04   8.0090646e-04   0.0000000e+00   0.0000000e+00   0.0000000e+00   0.0000000e+00   0.0000000e+00   0.0000000e+00   0.0000000e+00   3.9951161e-04   0.0000000e+00   2.4611664e-03   0.0000000e+00   5.9113732e-04   0.0000000e+00   3.1693995e-03   0.0000000e+00   7.6924113e-04   0.0000000e+00   0.0000000e+00   0.0000000e+00   6.5715325e-03   0.0000000e+00   1.2445399e-03   0.0000000e+00   0.0000000e+00   0.0000000e+00   0.0000000e+00   0.0000000e+00   0.0000000e+00   0.0000000e+00   0.0000000e+00   0.0000000e+00   0.0000000e+00   0.0000000e+00   0.0000000e+00   0.0000000e+00   0.0000000e+00   0.0000000e+00   0.0000000e+00   0.0000000e+00   0.0000000e+00   0.0000000e+00   8.1000475e-03
   4.0483066e-04   0.0000000e+00   0.0000000e+00   0.0000000e+00   0.0000000e+00   0.0000000e+00   0.0000000e+00   2.9251103e-03   1.8467366e-03   8.3617904e-03   0.0000000e+00   7.5563737e-04   1.3675923e-03   3.8615967e-03   0.0000000e+00   4.6841116e-03   0.0000000e+00   0.0000000e+00   0.0000000e+00   5.9996535e-03   0.0000000e+00   1.3723804e-03   0.0000000e+00   0.0000000e+00   0.0000000e+00   0.0000000e+00   0.0000000e+00   1.3917274e-02   0.0000000e+00   0.0000000e+00   0.0000000e+00   0.0000000e+00   0.0000000e+00   0.0000000e+00   0.0000000e+00   0.0000000e+00   0.0000000e+00   0.0000000e+00   0.0000000e+00   0.0000000e+00   0.0000000e+00   6.5255413e-04   0.0000000e+00   0.0000000e+00   0.0000000e+00   0.0000000e+00   0.0000000e+00   2.9612450e-03   0.0000000e+00   4.5077886e-03   0.0000000e+00   0.0000000e+00   0.0000000e+00   0.0000000e+00   0.0000000e+00   0.0000000e+00   0.0000000e+00   1.9235965e-03   0.0000000e+00   0.0000000e+00   0.0000000e+00   0.0000000e+00   0.0000000e+00   0.0000000e+00   0.0000000e+00   0.0000000e+00   0.0000000e+00   0.0000000e+00   0.0000000e+00   0.0000000e+00   0.0000000e+00   0.0000000e+00   0.0000000e+00   0.0000000e+00   0.0000000e+00   0.0000000e+00   0.0000000e+00   0.0000000e+00   0.0000000e+00   0.0000000e+00   0.0000000e+00   3.2744459e-04   0.0000000e+00   9.5589049e-04   0.0000000e+00   0.0000000e+00   0.0000000e+00   0.0000000e+00   0.0000000e+00   0.0000000e+00   0.0000000e+00   0.0000000e+00   0.0000000e+00   0.0000000e+00   0.0000000e+00   0.0000000e+00   0.0000000e+00   0.0000000e+00   0.0000000e+00   0.0000000e+00   0.0000000e+00   0.0000000e+00   0.0000000e+00   0.0000000e+00   0.0000000e+00   0.0000000e+00   0.0000000e+00   0.0000000e+00   0.0000000e+00   2.9186096e-04
   7.2728479e-04   0.0000000e+00   0.0000000e+00   4.0414806e-04   2.9147401e-03   0.0000000e+00   0.0000000e+00   1.1003792e-02   5.9327093e-03   5.8163955e-03   7.5563737e-04   0.0000000e+00   1.9864315e-02   6.6949913e-04   0.0000000e+00   1.4835697e-04   0.0000000e+00   0.0000000e+00   0.0000000e+00   1.9503777e-04   0.0000000e+00   0.0000000e+00   0.0000000e+00   0.0000000e+00   0.0000000e+00   0.0000000e+00   0.0000000e+00   2.1769686e-04   1.8275892e-04   2.5666532e-03   0.0000000e+00   0.0000000e+00   0.0000000e+00   0.0000000e+00   0.0000000e+00   0.0000000e+00   0.0000000e+00   0.0000000e+00   0.0000000e+00   0.0000000e+00   0.0000000e+00   7.4938497e-04   0.0000000e+00   3.1096973e-04   0.0000000e+00   0.0000000e+00   0.0000000e+00   1.6345672e-04   0.0000000e+00   0.0000000e+00   0.0000000e+00   0.0000000e+00   0.0000000e+00   0.0000000e+00   0.0000000e+00   0.0000000e+00   0.0000000e+00   1.2809192e-04   0.0000000e+00   0.0000000e+00   4.1127802e-03   4.0193430e-03   0.0000000e+00   0.0000000e+00   0.0000000e+00   0.0000000e+00   3.3246318e-04   0.0000000e+00   0.0000000e+00   0.0000000e+00   0.0000000e+00   0.0000000e+00   0.0000000e+00   9.8723403e-03   8.0578067e-04   5.6233309e-03   4.4843413e-04   1.0180183e-03   0.0000000e+00   8.6449173e-04   0.0000000e+00   1.2806277e-02   0.0000000e+00   1.1216497e-02   0.0000000e+00   1.0610502e-02   4.1952592e-04   3.0041557e-03   0.0000000e+00   4.3338277e-03   0.0000000e+00   1.3772619e-03   0.0000000e+00   4.4679384e-04   0.0000000e+00   0.0000000e+00   0.0000000e+00   0.0000000e+00   0.0000000e+00   0.0000000e+00   0.0000000e+00   0.0000000e+00   0.0000000e+00   0.0000000e+00   0.0000000e+00   0.0000000e+00   9.3983994e-04   6.5335952e-04   0.0000000e+00   0.0000000e+00
   0.0000000e+00   0.0000000e+00   0.0000000e+00   0.0000000e+00   0.0000000e+00   0.0000000e+00   0.0000000e+00   1.3022419e-03   0.0000000e+00   3.7124981e-03   1.3675923e-03   1.9864315e-02   0.0000000e+00   5.0022747e-03   0.0000000e+00   1.1238845e-03   0.0000000e+00   6.4262461e-04   0.0000000e+00   0.0000000e+00   0.0000000e+00   0.0000000e+00   0.0000000e+00   0.0000000e+00   0.0000000e+00   0.0000000e+00   0.0000000e+00   0.0000000e+00   0.0000000e+00   9.7840215e-03   0.0000000e+00   0.0000000e+00   0.0000000e+00   0.0000000e+00   0.0000000e+00   0.0000000e+00   0.0000000e+00   0.0000000e+00   0.0000000e+00   0.0000000e+00   0.0000000e+00   6.4707831e-04   0.0000000e+00   0.0000000e+00   0.0000000e+00   0.0000000e+00   0.0000000e+00   0.0000000e+00   0.0000000e+00   0.0000000e+00   0.0000000e+00   0.0000000e+00   0.0000000e+00   0.0000000e+00   0.0000000e+00   0.0000000e+00   0.0000000e+00   0.0000000e+00   0.0000000e+00   0.0000000e+00   0.0000000e+00   0.0000000e+00   0.0000000e+00   1.4657388e-03   0.0000000e+00   0.0000000e+00   1.2903622e-03   9.7424975e-04   0.0000000e+00   0.0000000e+00   0.0000000e+00   0.0000000e+00   0.0000000e+00   0.0000000e+00   0.0000000e+00   0.0000000e+00   0.0000000e+00   0.0000000e+00   0.0000000e+00   9.2732288e-03   0.0000000e+00   1.5393027e-02   0.0000000e+00   5.9005075e-03   0.0000000e+00   0.0000000e+00   0.0000000e+00   5.5694950e-03   0.0000000e+00   2.4832740e-03   0.0000000e+00   0.0000000e+00   0.0000000e+00   0.0000000e+00   0.0000000e+00   0.0000000e+00   0.0000000e+00   0.0000000e+00   0.0000000e+00   0.0000000e+00   0.0000000e+00   1.0267304e-03   0.0000000e+00   0.0000000e+00   0.0000000e+00   0.0000000e+00   0.0000000e+00   0.0000000e+00   0.0000000e+00   0.0000000e+00
   0.0000000e+00   2.4515215e-03   0.0000000e+00   0.0000000e+00   0.0000000e+00   1.6196142e-03   2.2322150e-03   0.0000000e+00   1.8493280e-03   6.0650034e-03   3.8615967e-03   6.6949913e-04   5.0022747e-03   0.0000000e+00   3.4110654e-04   5.1393232e-04   0.0000000e+00   0.0000000e+00   0.0000000e+00   0.0000000e+00   0.0000000e+00   0.0000000e+00   0.0000000e+00   0.0000000e+00   0.0000000e+00   0.0000000e+00   0.0000000e+00   0.0000000e+00   0.0000000e+00   0.0000000e+00   0.0000000e+00   0.0000000e+00   0.0000000e+00   0.0000000e+00   0.0000000e+00   0.0000000e+00   0.0000000e+00   0.0000000e+00   0.0000000e+00   0.0000000e+00   0.0000000e+00   1.0590307e-03   0.0000000e+00   0.0000000e+00   0.0000000e+00   0.0000000e+00   0.0000000e+00   0.0000000e+00   0.0000000e+00   0.0000000e+00   0.0000000e+00   0.0000000e+00   0.0000000e+00   0.0000000e+00   0.0000000e+00   0.0000000e+00   0.0000000e+00   0.0000000e+00   0.0000000e+00   0.0000000e+00   0.0000000e+00   0.0000000e+00   1.4333962e-03   5.9338302e-04   0.0000000e+00   0.0000000e+00   4.1406723e-03   7.6977834e-03   1.1679083e-03   1.8056968e-03   1.5481771e-03   4.9465521e-03   0.0000000e+00   0.0000000e+00   0.0000000e+00   0.0000000e+00   0.0000000e+00   0.0000000e+00   0.0000000e+00   2.9994707e-04   0.0000000e+00   0.0000000e+00   0.0000000e+00   0.0000000e+00   0.0000000e+00   0.0000000e+00   0.0000000e+00   0.0000000e+00   0.0000000e+00   0.0000000e+00   0.0000000e+00   0.0000000e+00   0.0000000e+00   0.0000000e+00   0.0000000e+00   0.0000000e+00   0.0000000e+00   0.0000000e+00   0.0000000e+00   0.0000000e+00   0.0000000e+00   0.0000000e+00   0.0000000e+00   0.0000000e+00   0.0000000e+00   0.0000000e+00   0.0000000e+00   0.0000000e+00   0.0000000e+00   0.0000000e+00
   1.3302500e-02   1.7771685e-03   1.9028976e-02   1.0283649e-02   0.0000000e+00   1.8856311e-03   1.3759058e-03   0.0000000e+00   5.5479052e-04   1.3261827e-04   0.0000000e+00   0.0000000e+00   0.0000000e+00   3.4110654e-04   0.0000000e+00   1.1081902e-02   4.2451262e-04   0.0000000e+00   4.8293411e-03   5.7915563e-04   1.8728468e-02   0.0000000e+00   6.2217223e-03   0.0000000e+00   6.5518063e-03   0.0000000e+00   5.4918785e-05   0.0000000e+00   7.6002236e-03   9.8091051e-05   7.7247279e-05   0.0000000e+00   0.0000000e+00   0.0000000e+00   0.0000000e+00   0.0000000e+00   0.0000000e+00   0.0000000e+00   0.0000000e+00   0.0000000e+00   0.0000000e+00   0.0000000e+00   0.0000000e+00   0.0000000e+00   0.0000000e+00   0.0000000e+00   0.0000000e+00   0.0000000e+00   0.0000000e+00   0.0000000e+00   0.0000000e+00   0.0000000e+00   0.0000000e+00   0.0000000e+00   0.0000000e+00   0.0000000e+00   3.0916414e-04   0.0000000e+00   0.0000000e+00   0.0000000e+00   0.0000000e+00   0.0000000e+00   3.0383819e-03   2.2730824e-03   0.0000000e+00   0.0000000e+00   1.0914135e-03   1.2033455e-03   7.5549634e-03   6.2138718e-03   4.7884308e-03   3.2975802e-03   0.0000000e+00   0.0000000e+00   0.0000000e+00   0.0000000e+00   0.0000000e+00   0.0000000e+00   1.6986728e-02   0.0000000e+00   2.5078151e-03   0.0000000e+00   0.0000000e+00   0.0000000e+00   1.4879079e-04   0.0000000e+00   2.3007458e-04   0.0000000e+00   0.0000000e+00   0.0000000e+00   0.0000000e+00   0.0000000e+00   2.1381644e-04   0.0000000e+00   2.9416639e-04   0.0000000e+00   0.0000000e+00   0.0000000e+00   0.0000000e+00   0.0000000e+00   0.0000000e+00   0.0000000e+00   0.0000000e+00   0.0000000e+00   0.0000000e+00   0.0000000e+00   0.0000000e+00   0.0000000e+00   3.0121325e-03   0.0000000e+00
   0.0000000e+00   2.6394611e-04   0.0000000e+00   0.0000000e+00   0.0000000e+00   0.0000000e+00   0.0000000e+00   1.2321264e-02   4.1632665e-03   1.6675702e-02   4.6841116e-03   1.4835697e-04   1.1238845e-03   5.1393232e-04   1.1081902e-02   0.0000000e+00   0.0000000e+00   4.3335924e-03   1.9587103e-03   4.1402217e-03   0.0000000e+00   1.3271390e-02   0.0000000e+00   4.4584107e-03   0.0000000e+00   1.7640836e-03   0.0000000e+00   2.4654552e-04   0.0000000e+00   1.2424175e-02   0.0000000e+00   4.2271838e-05   0.0000000e+00   0.0000000e+00   0.0000000e+00   0.0000000e+00   0.0000000e+00   0.0000000e+00   0.0000000e+00   0.0000000e+00   0.0000000e+00   1.5571451e-04   0.0000000e+00   0.0000000e+00   0.0000000e+00   0.0000000e+00   0.0000000e+00   0.0000000e+00   0.0000000e+00   9.4985245e-05   0.0000000e+00   0.0000000e+00   0.0000000e+00   0.0000000e+00   0.0000000e+00   0.0000000e+00   0.0000000e+00   2.6282179e-03   0.0000000e+00   5.1318186e-04   0.0000000e+00   0.0000000e+00   5.7393602e-03   2.1557218e-03   0.0000000e+00   0.0000000e+00   0.0000000e+00   1.2488987e-03   4.9146552e-03   5.8463384e-03   0.0000000e+00   3.7083718e-03   0.0000000e+00   0.0000000e+00   0.0000000e+00   3.9426593e-04   0.0000000e+00   0.0000000e+00   0.0000000e+00   1.2944419e-02   0.0000000e+00   1.2351323e-03   0.0000000e+00   0.0000000e+00   0.0000000e+00   3.5007523e-04   0.0000000e+00   0.0000000e+00   0.0000000e+00   0.0000000e+00   0.0000000e+00   0.0000000e+00   0.0000000e+00   6.0136460e-04   0.0000000e+00   9.5836908e-04   0.0000000e+00   0.0000000e+00   0.0000000e+00   0.0000000e+00   0.0000000e+00   3.6632497e-03   0.0000000e+00   0.0000000e+00   0.0000000e+00   0.0000000e+00   0.0000000e+00   0.0000000e+00   0.0000000e+00   1.2885879e-03
   0.0000000e+00   0.0000000e+00   0.0000000e+00   0.0000000e+00   5.7232975e-04   5.3608696e-04   0.0000000e+00   0.0000000e+00   0.0000000e+00   0.0000000e+00   0.0000000e+00   0.0000000e+00   0.0000000e+00   0.0000000e+00   4.2451262e-04   0.0000000e+00   0.0000000e+00   0.0000000e+00   5.9233170e-04   0.0000000e+00   1.6249011e-04   0.0000000e+00   5.0134664e-03   0.0000000e+00   3.7350175e-03   0.0000000e+00   5.7230591e-04   0.0000000e+00   1.2372387e-02   0.0000000e+00   2.5624544e-04   0.0000000e+00   0.0000000e+00   0.0000000e+00   0.0000000e+00   0.0000000e+00   0.0000000e+00   0.0000000e+00   0.0000000e+00   0.0000000e+00   0.0000000e+00   0.0000000e+00   0.0000000e+00   0.0000000e+00   0.0000000e+00   0.0000000e+00   0.0000000e+00   0.0000000e+00   0.0000000e+00   0.0000000e+00   0.0000000e+00   0.0000000e+00   0.0000000e+00   0.0000000e+00   0.0000000e+00   0.0000000e+00   5.4161429e-04   0.0000000e+00   0.0000000e+00   0.0000000e+00   0.0000000e+00   0.0000000e+00   0.0000000e+00   0.0000000e+00   0.0000000e+00   0.0000000e+00   0.0000000e+00   0.0000000e+00   0.0000000e+00   0.0000000e+00   0.0000000e+00   0.0000000e+00   0.0000000e+00   0.0000000e+00   0.0000000e+00   0.0000000e+00   0.0000000e+00   0.0000000e+00   1.0043020e-02   0.0000000e+00   6.7500303e-04   0.0000000e+00   5.6263445e-04   0.0000000e+00   3.0452548e-04   0.0000000e+00   0.0000000e+00   0.0000000e+00   0.0000000e+00   0.0000000e+00   0.0000000e+00   0.0000000e+00   0.0000000e+00   0.0000000e+00   3.5438646e-02   0.0000000e+00   1.8953307e-02   0.0000000e+00   2.8379539e-03   0.0000000e+00   6.9880038e-03   0.0000000e+00   4.2636981e-03   0.0000000e+00   6.9297124e-04   0.0000000e+00   0.0000000e+00   0.0000000e+00   6.5305076e-04   0.0000000e+00
   0.0000000e+00   0.0000000e+00   0.0000000e+00   0.0000000e+00   0.0000000e+00   0.0000000e+00   0.0000000e+00   0.0000000e+00   0.0000000e+00   6.1660506e-04   0.0000000e+00   0.0000000e+00   6.4262461e-04   0.0000000e+00   0.0000000e+00   4.3335924e-03   0.0000000e+00   0.0000000e+00   0.0000000e+00   9.9517556e-04   0.0000000e+00   6.1653449e-04   0.0000000e+00   1.1326189e-02   0.0000000e+00   3.1701816e-03   0.0000000e+00   1.1808352e-03   0.0000000e+00   2.0417754e-02   0.0000000e+00   0.0000000e+00   0.0000000e+00   1.8769268e-04   0.0000000e+00   0.0000000e+00   0.0000000e+00   0.0000000e+00   0.0000000e+00   0.0000000e+00   0.0000000e+00   0.0000000e+00   0.0000000e+00   0.0000000e+00   0.0000000e+00   0.0000000e+00   0.0000000e+00   3.8552249e-03   0.0000000e+00   2.3528754e-03   0.0000000e+00   0.0000000e+00   0.0000000e+00   0.0000000e+00   0.0000000e+00   0.0000000e+00   0.0000000e+00   3.8911960e-03   0.0000000e+00   1.3246686e-03   0.0000000e+00   5.7293304e-04   0.0000000e+00   8.1164434e-04   0.0000000e+00   0.0000000e+00   0.0000000e+00   7.5409172e-04   0.0000000e+00   0.0000000e+00   0.0000000e+00   0.0000000e+00   0.0000000e+00   0.0000000e+00   0.0000000e+00   0.0000000e+00   0.0000000e+00   0.0000000e+00   0.0000000e+00   1.2723947e-02   0.0000000e+00   0.0000000e+00   0.0000000e+00   0.0000000e+00   0.0000000e+00   3.1170452e-03   0.0000000e+00   0.0000000e+00   0.0000000e+00   0.0000000e+00   0.0000000e+00   0.0000000e+00   0.0000000e+00   2.2185532e-03   0.0000000e+00   3.1022784e-02   0.0000000e+00   1.3779345e-02   0.0000000e+00   1.2583865e-03   0.0000000e+00   1.1250501e-02   0.0000000e+00   7.1308410e-03   0.0000000e+00   5.4018613e-04   0.0000000e+00   0.0000000e+00   0.0000000e+00   3.7910554e-03
   1.1006551e-02   2.2109414e-03   2.1715653e-02   8.8210298e-03   0.0000000e+00   0.0000000e+00   0.0000000e+00   0.0000000e+00   0.0000000e+00   0.0000000e+00   0.0000000e+00   0.0000000e+00   0.0000000e+00   0.0000000e+00   4.8293411e-03   1.9587103e-03   5.9233170e-04   0.0000000e+00   0.0000000e+00   1.8029801e-02   6.9741021e-03   0.0000000e+00   0.0000000e+00   0.0000000e+00   3.0032546e-03   0.0000000e+00   8.5775840e-03   0.0000000e+00   0.0000000e+00   0.0000000e+00   0.0000000e+00   0.0000000e+00   0.0000000e+00   0.0000000e+00   0.0000000e+00   0.0000000e+00   0.0000000e+00   0.0000000e+00   0.0000000e+00   0.0000000e+00   0.0000000e+00   0.0000000e+00   0.0000000e+00   0.0000000e+00   0.0000000e+00   0.0000000e+00   9.3398953e-05   0.0000000e+00   0.0000000e+00   0.0000000e+00   0.0000000e+00   0.0000000e+00   2.7423934e-04   0.0000000e+00   0.0000000e+00   0.0000000e+00   0.0000000e+00   0.0000000e+00   0.0000000e+00   0.0000000e+00   0.0000000e+00   0.0000000e+00   0.0000000e+00   0.0000000e+00   1.4678835e-02   1.2288268e-02   0.0000000e+00   0.0000000e+00   1.2474580e-02   4.7934525e-03   5.8422288e-03   2.0284224e-03   9.6128953e-04   3.9502242e-04   9.6302012e-04   0.0000000e+00   0.0000000e+00   0.0000000e+00   0.0000000e+00   0.0000000e+00   0.0000000e+00   0.0000000e+00   0.0000000e+00   0.0000000e+00   0.0000000e+00   0.0000000e+00   0.0000000e+00   0.0000000e+00   0.0000000e+00   0.0000000e+00   0.0000000e+00   0.0000000e+00   0.0000000e+00   0.0000000e+00   0.0000000e+00   0.0000000e+00   0.0000000e+00   0.0000000e+00   0.0000000e+00   0.0000000e+00   0.0000000e+00   0.0000000e+00   0.0000000e+00   0.0000000e+00   0.0000000e+00   0.0000000e+00   0.0000000e+00   0.0000000e+00   0.0000000e+00   0.0000000e+00
   3.2823656e-04   0.0000000e+00   0.0000000e+00   0.0000000e+00   0.0000000e+00   0.0000000e+00   0.0000000e+00   2.6739364e-02   7.6276876e-03   1.0574240e-02   5.9996535e-03   1.9503777e-04   0.0000000e+00   0.0000000e+00   5.7915563e-04   4.1402217e-03   0.0000000e+00   9.9517556e-04   1.8029801e-02   0.0000000e+00   0.0000000e+00   3.3393612e-03   0.0000000e+00   0.0000000e+00   0.0000000e+00   2.0765210e-03   8.0892320e-04   1.2076054e-02   0.0000000e+00   0.0000000e+00   0.0000000e+00   0.0000000e+00   0.0000000e+00   0.0000000e+00   0.0000000e+00   0.0000000e+00   0.0000000e+00   0.0000000e+00   0.0000000e+00   0.0000000e+00   0.0000000e+00   0.0000000e+00   0.0000000e+00   0.0000000e+00   0.0000000e+00   0.0000000e+00   1.4694806e-04   0.0000000e+00   0.0000000e+00   0.0000000e+00   0.0000000e+00   0.0000000e+00   0.0000000e+00   0.0000000e+00   0.0000000e+00   0.0000000e+00   0.0000000e+00   0.0000000e+00   0.0000000e+00   0.0000000e+00   0.0000000e+00   0.0000000e+00   0.0000000e+00   0.0000000e+00   1.1681304e-02   9.4478665e-03   0.0000000e+00   0.0000000e+00   1.4110359e-03   1.4150968e-02   5.8733274e-04   9.5012619e-03   6.6145686e-05   1.5306731e-03   1.3534107e-04   4.6753127e-04   0.0000000e+00   0.0000000e+00   0.0000000e+00   0.0000000e+00   0.0000000e+00   0.0000000e+00   0.0000000e+00   0.0000000e+00   0.0000000e+00   0.0000000e+00   0.0000000e+00   0.0000000e+00   0.0000000e+00   0.0000000e+00   0.0000000e+00   0.0000000e+00   0.0000000e+00   0.0000000e+00   0.0000000e+00   0.0000000e+00   0.0000000e+00   0.0000000e+00   0.0000000e+00   0.0000000e+00   0.0000000e+00   0.0000000e+00   0.0000000e+00   0.0000000e+00   0.0000000e+00   0.0000000e+00   0.0000000e+00   0.0000000e+00   0.0000000e+00   0.0000000e+00
   0.0000000e+00   0.0000000e+00   5.9373143e-04   0.0000000e+00   0.0000000e+00   0.0000000e+00   0.0000000e+00   0.0000000e+00   0.0000000e+00   0.0000000e+00   0.0000000e+00   0.0000000e+00   0.0000000e+00   0.0000000e+00   1.8728468e-02   0.0000000e+00   1.6249011e-04   0.0000000e+00   6.9741021e-03   0.0000000e+00   0.0000000e+00   0.0000000e+00   5.9963244e-03   0.0000000e+00   4.4933863e-03   0.0000000e+00   2.3928512e-02   0.0000000e+00   0.0000000e+00   0.0000000e+00   0.0000000e+00   0.0000000e+00   0.0000000e+00   0.0000000e+00   0.0000000e+00   0.0000000e+00   0.0000000e+00   0.0000000e+00   0.0000000e+00   0.0000000e+00   0.0000000e+00   0.0000000e+00   0.0000000e+00   0.0000000e+00   0.0000000e+00   0.0000000e+00   3.3866678e-03   0.0000000e+00   0.0000000e+00   0.0000000e+00   1.5076815e-04   0.0000000e+00   1.3013978e-03   0.0000000e+00   0.0000000e+00   0.0000000e+00   0.0000000e+00   0.0000000e+00   0.0000000e+00   0.0000000e+00   0.0000000e+00   0.0000000e+00   0.0000000e+00   0.0000000e+00   0.0000000e+00   0.0000000e+00   0.0000000e+00   0.0000000e+00   0.0000000e+00   0.0000000e+00   0.0000000e+00   0.0000000e+00   0.0000000e+00   0.0000000e+00   0.0000000e+00   0.0000000e+00   0.0000000e+00   0.0000000e+00   0.0000000e+00   0.0000000e+00   0.0000000e+00   0.0000000e+00   0.0000000e+00   0.0000000e+00   0.0000000e+00   0.0000000e+00   0.0000000e+00   0.0000000e+00   0.0000000e+00   0.0000000e+00   0.0000000e+00   0.0000000e+00   0.0000000e+00   0.0000000e+00   0.0000000e+00   0.0000000e+00   0.0000000e+00   0.0000000e+00   0.0000000e+00   0.0000000e+00   0.0000000e+00   0.0000000e+00   0.0000000e+00   0.0000000e+00   0.0000000e+00   0.0000000e+00   0.0000000e+00   0.0000000e+00   0.0000000e+00   0.0000000e+00
   0.0000000e+00   0.0000000e+00   0.0000000e+00   0.0000000e+00   0.0000000e+00   0.0000000e+00   0.0000000e+00   1.4137837e-03   0.0000000e+00   4.8982520e-03   1.3723804e-03   0.0000000e+00   0.0000000e+00   0.0000000e+00   0.0000000e+00   1.3271390e-02   0.0000000e+00   6.1653449e-04   0.0000000e+00   3.3393612e-03   0.0000000e+00   0.0000000e+00   0.0000000e+00   2.9391430e-03   0.0000000e+00   1.0576775e-02   0.0000000e+00   1.9803927e-02   0.0000000e+00   0.0000000e+00   0.0000000e+00   0.0000000e+00   0.0000000e+00   0.0000000e+00   0.0000000e+00   0.0000000e+00   0.0000000e+00   0.0000000e+00   0.0000000e+00   0.0000000e+00   0.0000000e+00   0.0000000e+00   0.0000000e+00   0.0000000e+00   0.0000000e+00   0.0000000e+00   0.0000000e+00   3.9617606e-03   0.0000000e+00   7.3155522e-04   0.0000000e+00   0.0000000e+00   0.0000000e+00   0.0000000e+00   0.0000000e+00   0.0000000e+00   0.0000000e+00   1.7566550e-04   0.0000000e+00   0.0000000e+00   0.0000000e+00   0.0000000e+00   0.0000000e+00   0.0000000e+00   0.0000000e+00   0.0000000e+00   0.0000000e+00   0.0000000e+00   0.0000000e+00   0.0000000e+00   0.0000000e+00   0.0000000e+00   0.0000000e+00   0.0000000e+00   0.0000000e+00   0.0000000e+00   0.0000000e+00   0.0000000e+00   0.0000000e+00   0.0000000e+00   0.0000000e+00   0.0000000e+00   0.0000000e+00   0.0000000e+00   0.0000000e+00   0.0000000e+00   0.0000000e+00   0.0000000e+00   0.0000000e+00   0.0000000e+00   0.0000000e+00   0.0000000e+00   0.0000000e+00   0.0000000e+00   0.0000000e+00   0.0000000e+00   0.0000000e+00   0.0000000e+00   0.0000000e+00   0.0000000e+00   0.0000000e+00   0.0000000e+00   0.0000000e+00   0.0000000e+00   0.0000000e+00   0.0000000e+00   0.0000000e+00   0.0000000e+00   0.0000000e+00   0.0000000e+00
