   0.0000000e+00   1.0997365e-02   6.8829993e-03   1.3043984e-02   9.6809570e-03   2.8218576e-03   1.7328467e-03   8.1793694e-03   1.4523192e-03   0.0000000e+00   1.0471283e-03   0.0000000e+00   0.0000000e+00   0.0000000e+00   9.7570150e-03   2.2886132e-04   1.4097540e-03   0.0000000e+00   7.7741405e-03   4.3302253e-03   0.0000000e+00   0.0000000e+00   0.0000000e+00   0.0000000e+00   0.0000000e+00   0.0000000e+00   1.9846772e-03   0.0000000e+00   6.7367029e-03   0.0000000e+00   0.0000000e+00   0.0000000e+00   0.0000000e+00   0.0000000e+00   0.0000000e+00   0.0000000e+00   0.0000000e+00   0.0000000e+00   0.0000000e+00   0.0000000e+00   0.0000000e+00   0.0000000e+00   0.0000000e+00   0.0000000e+00   0.0000000e+00   0.0000000e+00   2.3722852e-03   0.0000000e+00   3.2955800e-03   0.0000000e+00   0.0000000e+00   0.0000000e+00   0.0000000e+00   0.0000000e+00   0.0000000e+00   0.0000000e+00   2.9565802e-04   0.0000000e+00   8.8967538e-04   0.0000000e+00   2.9012245e-04   0.0000000e+00   6.8874587e-04   0.0000000e+00   6.6838477e-04   1.4512289e-03   2.4760908e-03   0.0000000e+00   0.0000000e+00   0.0000000e+00   0.0000000e+00   0.0000000e+00   3.6152116e-03   0.0000000e+00   1.1516462e-03   2.6834239e-04   0.0000000e+00   0.0000000e+00   9.1175651e-04   0.0000000e+00   2.0808158e-03   0.0000000e+00   0.0000000e+00   0.0000000e+00   3.1654304e-03   2.1003706e-04   0.0000000e+00   0.0000000e+00   0.0000000e+00   0.0000000e+00   2.2194045e-04   0.0000000e+00   8.3622542e-04   0.0000000e+00   0.0000000e+00   0.0000000e+00   0.0000000e+00   0.0000000e+00   0.0000000e+00   0.0000000e+00   2.5377240e-03   0.0000000e+00   0.0000000e+00   0.0000000e+00   0.0000000e+00   0.0000000e+00   0.0000000e+00   0.0000000e+00   8.5647713e-04   0.0000000e+00
   1.0997365e-02   0.0000000e+00   2.6100329e-03   1.0182530e-03   3.8369897e-04   5.0716375e-04   5.6629398e-04   1.4810190e-04   1.0706161e-02   0.0000000e+00   0.0000000e+00   0.0000000e+00   0.0000000e+00   3.2408721e-03   1.1799406e-03   0.0000000e+00   0.0000000e+00   0.0000000e+00   0.0000000e+00   0.0000000e+00   0.0000000e+00   0.0000000e+00   0.0000000e+00   0.0000000e+00   0.0000000e+00   0.0000000e+00   1.9602409e-04   0.0000000e+00   3.7275576e-03   0.0000000e+00   0.0000000e+00   0.0000000e+00   0.0000000e+00   0.0000000e+00   0.0000000e+00   0.0000000e+00   0.0000000e+00   0.0000000e+00   0.0000000e+00   0.0000000e+00   0.0000000e+00   0.0000000e+00   0.0000000e+00   0.0000000e+00   0.0000000e+00   0.0000000e+00   0.0000000e+00   0.0000000e+00   0.0000000e+00   0.0000000e+00   0.0000000e+00   0.0000000e+00   0.0000000e+00   0.0000000e+00   0.0000000e+00   0.0000000e+00   0.0000000e+00   0.0000000e+00   0.0000000e+00   0.0000000e+00   0.0000000e+00   0.0000000e+00   4.8935303e-03   1.9239536e-02   0.0000000e+00   0.0000000e+00   4.4839359e-03   3.2415360e-03   0.0000000e+00   0.0000000e+00   0.0000000e+00   0.0000000e+00   1.4833984e-04   0.0000000e+00   0.0000000e+00   0.0000000e+00   0.0000000e+00   0.0000000e+00   2.4565438e-03   5.4152599e-04   0.0000000e+00   0.0000000e+00   0.0000000e+00   0.0000000e+00   0.0000000e+00   0.0000000e+00   0.0000000e+00   0.0000000e+00   0.0000000e+00   0.0000000e+00   0.0000000e+00   0.0000000e+00   0.0000000e+00   0.0000000e+00   0.0000000e+00   0.0000000e+00   0.0000000e+00   0.0000000e+00   0.0000000e+00   0.0000000e+00   2.6656232e-03   0.0000000e+00   0.0000000e+00   0.0000000e+00   0.0000000e+00   0.0000000e+00   0.0000000e+00   0.0000000e+00   0.0000000e+00   0.0000000e+00
   6.8829993e-03   2.6100329e-03   0.0000000e+00   1.3100839e-02   9.4827298e-04   3.5369153e-03   7.0349112e-03   4.2321561e-04   0.0000000e+00   0.0000000e+00   0.0000000e+00   0.0000000e+00   0.0000000e+00   0.0000000e+00   7.2313520e-03   0.0000000e+00   1.6030800e-03   0.0000000e+00   7.7505139e-04   0.0000000e+00   8.6369614e-04   0.0000000e+00   1.3167163e-02   0.0000000e+00   2.5192463e-03   0.0000000e+00   3.0821103e-04   0.0000000e+00   2.0613711e-03   0.0000000e+00   0.0000000e+00   0.0000000e+00   0.0000000e+00   0.0000000e+00   0.0000000e+00   0.0000000e+00   2.5529239e-04   0.0000000e+00   0.0000000e+00   0.0000000e+00   0.0000000e+00   0.0000000e+00   0.0000000e+00   0.0000000e+00   0.0000000e+00   0.0000000e+00   8.9698025e-04   0.0000000e+00   2.3021308e-03   0.0000000e+00   0.0000000e+00   0.0000000e+00   0.0000000e+00   0.0000000e+00   0.0000000e+00   0.0000000e+00   8.1107854e-04   0.0000000e+00   2.2434350e-03   0.0000000e+00   0.0000000e+00   0.0000000e+00   2.5087649e-03   0.0000000e+00   0.0000000e+00   0.0000000e+00   3.2850962e-03   0.0000000e+00   0.0000000e+00   0.0000000e+00   0.0000000e+00   0.0000000e+00   0.0000000e+00   0.0000000e+00   8.3545446e-04   0.0000000e+00   0.0000000e+00   0.0000000e+00   1.4990922e-02   0.0000000e+00   0.0000000e+00   0.0000000e+00   0.0000000e+00   0.0000000e+00   0.0000000e+00   0.0000000e+00   0.0000000e+00   0.0000000e+00   0.0000000e+00   0.0000000e+00   0.0000000e+00   0.0000000e+00   2.7978818e-03   0.0000000e+00   1.6039826e-02   0.0000000e+00   0.0000000e+00   0.0000000e+00   0.0000000e+00   0.0000000e+00   1.2767004e-03   0.0000000e+00   0.0000000e+00   0.0000000e+00   0.0000000e+00   0.0000000e+00   9.5369445e-04   0.0000000e+00   2.8007150e-03   0.0000000e+00
   1.3043984e-02   1.0182530e-03   1.3100839e-02   0.0000000e+00   1.0251692e-03   0.0000000e+00   1.4806180e-03   0.0000000e+00   0.0000000e+00   0.0000000e+00   0.0000000e+00   0.0000000e+00   0.0000000e+00   0.0000000e+00   5.2694389e-03   0.0000000e+00   3.2188534e-04   0.0000000e+00   1.8789682e-03   0.0000000e+00   0.0000000e+00   0.0000000e+00   3.5942065e-03   0.0000000e+00   2.7135463e-03   0.0000000e+00   4.8590929e-04   0.0000000e+00   0.0000000e+00   0.0000000e+00   0.0000000e+00   0.0000000e+00   0.0000000e+00   0.0000000e+00   0.0000000e+00   0.0000000e+00   0.0000000e+00   0.0000000e+00   0.0000000e+00   0.0000000e+00   0.0000000e+00   0.0000000e+00   0.0000000e+00   0.0000000e+00   1.2517859e-03   0.0000000e+00   1.9294878e-03   0.0000000e+00   1.6062640e-03   0.0000000e+00   0.0000000e+00   0.0000000e+00   0.0000000e+00   0.0000000e+00   0.0000000e+00   0.0000000e+00   1.0031651e-03   0.0000000e+00   1.9430459e-03   0.0000000e+00   0.0000000e+00   0.0000000e+00   5.1472393e-04   0.0000000e+00   0.0000000e+00   0.0000000e+00   0.0000000e+00   0.0000000e+00   0.0000000e+00   0.0000000e+00   0.0000000e+00   0.0000000e+00   0.0000000e+00   0.0000000e+00   5.3851388e-04   0.0000000e+00   0.0000000e+00   0.0000000e+00   2.4697167e-03   0.0000000e+00   0.0000000e+00   0.0000000e+00   2.4765483e-04   0.0000000e+00   0.0000000e+00   0.0000000e+00   0.0000000e+00   0.0000000e+00   0.0000000e+00   0.0000000e+00   0.0000000e+00   0.0000000e+00   3.0352760e-03   0.0000000e+00   4.1710257e-03   0.0000000e+00   0.0000000e+00   0.0000000e+00   0.0000000e+00   0.0000000e+00   0.0000000e+00   0.0000000e+00   0.0000000e+00   0.0000000e+00   0.0000000e+00   0.0000000e+00   1.4160586e-03   0.0000000e+00   1.6953085e-03   0.0000000e+00
   9.6809570e-03   3.8369897e-04   9.4827298e-04   1.0251692e-03   0.0000000e+00   1.6375500e-02   0.0000000e+00   5.6896158e-04   0.0000000e+00   0.0000000e+00   0.0000000e+00   1.9840590e-03   0.0000000e+00   0.0000000e+00   4.7419976e-04   0.0000000e+00   9.7000681e-04   0.0000000e+00   0.0000000e+00   0.0000000e+00   0.0000000e+00   0.0000000e+00   0.0000000e+00   0.0000000e+00   0.0000000e+00   0.0000000e+00   0.0000000e+00   0.0000000e+00   1.0934267e-02   0.0000000e+00   0.0000000e+00   0.0000000e+00   0.0000000e+00   0.0000000e+00   0.0000000e+00   0.0000000e+00   0.0000000e+00   0.0000000e+00   0.0000000e+00   0.0000000e+00   0.0000000e+00   0.0000000e+00   3.1667039e-04   0.0000000e+00   1.3271044e-03   0.0000000e+00   0.0000000e+00   0.0000000e+00   0.0000000e+00   0.0000000e+00   0.0000000e+00   0.0000000e+00   0.0000000e+00   0.0000000e+00   0.0000000e+00   0.0000000e+00   1.9351903e-04   0.0000000e+00   3.9206472e-04   0.0000000e+00   0.0000000e+00   3.4496371e-04   0.0000000e+00   0.0000000e+00   0.0000000e+00   0.0000000e+00   6.2928133e-04   0.0000000e+00   0.0000000e+00   0.0000000e+00   0.0000000e+00   0.0000000e+00   6.4314126e-03   1.8062206e-03   2.4703973e-03   0.0000000e+00   0.0000000e+00   0.0000000e+00   5.5523895e-03   0.0000000e+00   1.2523549e-02   0.0000000e+00   1.2567435e-02   0.0000000e+00   8.7662787e-03   7.7120923e-04   2.5154067e-03   0.0000000e+00   5.7367266e-03   0.0000000e+00   3.9546678e-03   0.0000000e+00   3.2202070e-04   3.8936375e-04   0.0000000e+00   0.0000000e+00   0.0000000e+00   0.0000000e+00   0.0000000e+00   0.0000000e+00   6.6992697e-04   0.0000000e+00   0.0000000e+00   0.0000000e+00   0.0000000e+00   0.0000000e+00   0.0000000e+00   0.0000000e+00   0.0000000e+00   0.0000000e+00
   2.8218576e-03   5.0716375e-04   3.5369153e-03   0.0000000e+00   1.6375500e-02   0.0000000e+00   2.6977002e-03   0.0000000e+00   0.0000000e+00   0.0000000e+00   0.0000000e+00   0.0000000e+00   0.0000000e+00   0.0000000e+00   2.2460818e-03   0.0000000e+00   4.6856743e-04   0.0000000e+00   0.0000000e+00   0.0000000e+00   0.0000000e+00   0.0000000e+00   0.0000000e+00   0.0000000e+00   0.0000000e+00   0.0000000e+00   0.0000000e+00   0.0000000e+00   3.4247250e-03   0.0000000e+00   0.0000000e+00   0.0000000e+00   0.0000000e+00   0.0000000e+00   0.0000000e+00   0.0000000e+00   0.0000000e+00   0.0000000e+00   0.0000000e+00   0.0000000e+00   0.0000000e+00   0.0000000e+00   0.0000000e+00   0.0000000e+00   0.0000000e+00   0.0000000e+00   0.0000000e+00   0.0000000e+00   0.0000000e+00   0.0000000e+00   0.0000000e+00   0.0000000e+00   0.0000000e+00   0.0000000e+00   0.0000000e+00   0.0000000e+00   0.0000000e+00   0.0000000e+00   0.0000000e+00   0.0000000e+00   0.0000000e+00   0.0000000e+00   2.5214075e-03   0.0000000e+00   0.0000000e+00   0.0000000e+00   2.1711772e-03   0.0000000e+00   0.0000000e+00   0.0000000e+00   0.0000000e+00   0.0000000e+00   1.6647911e-03   0.0000000e+00   1.1671686e-03   0.0000000e+00   0.0000000e+00   0.0000000e+00   1.6072677e-02   0.0000000e+00   4.0018460e-03   0.0000000e+00   1.2935027e-02   0.0000000e+00   3.1068706e-03   0.0000000e+00   0.0000000e+00   0.0000000e+00   5.1483089e-04   0.0000000e+00   0.0000000e+00   0.0000000e+00   0.0000000e+00   0.0000000e+00   0.0000000e+00   0.0000000e+00   0.0000000e+00   0.0000000e+00   0.0000000e+00   0.0000000e+00   0.0000000e+00   0.0000000e+00   0.0000000e+00   0.0000000e+00   0.0000000e+00   0.0000000e+00   0.0000000e+00   0.0000000e+00   0.0000000e+00   0.0000000e+00
   1.7328467e-03   5.6629398e-04   7.0349112e-03   1.4806180e-03   0.0000000e+00   2.6977002e-03   0.0000000e+00   0.0000000e+00   3.2889233e-03   0.0000000e+00   0.0000000e+00   0.0000000e+00   0.0000000e+00   7.9856565e-03   2.4418290e-04   0.0000000e+00   0.0000000e+00   0.0000000e+00   0.0000000e+00   0.0000000e+00   0.0000000e+00   0.0000000e+00   0.0000000e+00   0.0000000e+00   0.0000000e+00   0.0000000e+00   0.0000000e+00   0.0000000e+00   0.0000000e+00   0.0000000e+00   0.0000000e+00   0.0000000e+00   0.0000000e+00   0.0000000e+00   0.0000000e+00   0.0000000e+00   0.0000000e+00   0.0000000e+00   0.0000000e+00   0.0000000e+00   0.0000000e+00   0.0000000e+00   0.0000000e+00   0.0000000e+00   0.0000000e+00   0.0000000e+00   0.0000000e+00   0.0000000e+00   0.0000000e+00   0.0000000e+00   0.0000000e+00   0.0000000e+00   0.0000000e+00   0.0000000e+00   0.0000000e+00   0.0000000e+00   0.0000000e+00   0.0000000e+00   0.0000000e+00   0.0000000e+00   0.0000000e+00   0.0000000e+00   3.9981837e-03   2.5685774e-02   0.0000000e+00   0.0000000e+00   1.6432892e-02   3.0755035e-03   0.0000000e+00   0.0000000e+00   0.0000000e+00   0.0000000e+00   0.0000000e+00   0.0000000e+00   0.0000000e+00   0.0000000e+00   0.0000000e+00   0.0000000e+00   2.1539185e-03   0.0000000e+00   0.0000000e+00   0.0000000e+00   0.0000000e+00   0.0000000e+00   0.0000000e+00   0.0000000e+00   0.0000000e+00   0.0000000e+00   0.0000000e+00   0.0000000e+00   0.0000000e+00   0.0000000e+00   0.0000000e+00   0.0000000e+00   0.0000000e+00   0.0000000e+00   0.0000000e+00   0.0000000e+00   0.0000000e+00   0.0000000e+00   0.0000000e+00   0.0000000e+00   0.0000000e+00   0.0000000e+00   0.0000000e+00   0.0000000e+00   0.0000000e+00   0.0000000e+00   0.0000000e+00   0.0000000e+00
   8.1793694e-03   1.4810190e-04   4.2321561e-04   0.0000000e+00   5.6896158e-04   0.0000000e+00   0.0000000e+00   0.0000000e+00   2.7327395e-02   6.4306109e-03   1.0185835e-02   5.2552478e-03   1.7624548e-03   2.4899435e-03   0.0000000e+00   3.0172650e-03   0.0000000e+00   1.6252121e-03   1.8993144e-04   1.8591702e-03   0.0000000e+00   0.0000000e+00   0.0000000e+00   1.6038190e-03   0.0000000e+00   0.0000000e+00   0.0000000e+00   3.5445118e-03   0.0000000e+00   4.2672528e-03   0.0000000e+00   0.0000000e+00   0.0000000e+00   0.0000000e+00   0.0000000e+00   0.0000000e+00   0.0000000e+00   0.0000000e+00   0.0000000e+00   0.0000000e+00   0.0000000e+00   2.8123786e-04   0.0000000e+00   0.0000000e+00   0.0000000e+00   0.0000000e+00   0.0000000e+00   2.9299832e-03   0.0000000e+00   1.1365326e-03   0.0000000e+00   0.0000000e+00   0.0000000e+00   0.0000000e+00   0.0000000e+00   0.0000000e+00   1.4880192e-04   2.1234922e-04   0.0000000e+00   0.0000000e+00   0.0000000e+00   1.9651181e-03   3.7871483e-04   1.5597230e-03   0.0000000e+00   0.0000000e+00   2.4362981e-04   3.0884674e-04   0.0000000e+00   0.0000000e+00   0.0000000e+00   0.0000000e+00   2.4627828e-04   2.5502408e-03   1.7871463e-04   1.9041648e-03   6.1263880e-04   1.9311963e-03   0.0000000e+00   0.0000000e+00   0.0000000e+00   4.1000631e-03   0.0000000e+00   2.5491649e-04   7.0098451e-04   4.5930612e-03   0.0000000e+00   4.8675760e-04   0.0000000e+00   0.0000000e+00   0.0000000e+00   0.0000000e+00   4.8965439e-04   1.3504378e-03   0.0000000e+00   8.3739910e-04   0.0000000e+00   0.0000000e+00   0.0000000e+00   0.0000000e+00   0.0000000e+00   1.1319975e-03   0.0000000e+00   0.0000000e+00   0.0000000e+00   0.0000000e+00   0.0000000e+00   0.0000000e+00   0.0000000e+00   1.3147492e-03
   1.4523192e-03   1.0706161e-02   0.0000000e+00   0.0000000e+00   0.0000000e+00   0.0000000e+00   3.2889233e-03   2.7327395e-02   0.0000000e+00   2.5833838e-03   5.8891900e-03   4.3448466e-03   0.0000000e+00   0.0000000e+00   1.7620733e-03   3.3018200e-04   0.0000000e+00   6.1212463e-04   0.0000000e+00   9.7036065e-04   0.0000000e+00   0.0000000e+00   0.0000000e+00   0.0000000e+00   0.0000000e+00   0.0000000e+00   0.0000000e+00   1.9333681e-03   0.0000000e+00   1.7970828e-03   0.0000000e+00   0.0000000e+00   0.0000000e+00   0.0000000e+00   0.0000000e+00   0.0000000e+00   0.0000000e+00   0.0000000e+00   0.0000000e+00   0.0000000e+00   0.0000000e+00   0.0000000e+00   0.0000000e+00   0.0000000e+00   0.0000000e+00   0.0000000e+00   0.0000000e+00   0.0000000e+00   0.0000000e+00   0.0000000e+00   0.0000000e+00   0.0000000e+00   0.0000000e+00   0.0000000e+00   0.0000000e+00   0.0000000e+00   0.0000000e+00   0.0000000e+00   0.0000000e+00   0.0000000e+00   0.0000000e+00   0.0000000e+00   8.3413479e-03   2.3921516e-03   0.0000000e+00   0.0000000e+00   0.0000000e+00   0.0000000e+00   1.7630992e-03   0.0000000e+00   0.0000000e+00   0.0000000e+00   0.0000000e+00   4.9997393e-04   0.0000000e+00   2.5576406e-04   0.0000000e+00   0.0000000e+00   0.0000000e+00   0.0000000e+00   0.0000000e+00   1.7046986e-03   0.0000000e+00   0.0000000e+00   0.0000000e+00   1.3447846e-03   0.0000000e+00   0.0000000e+00   0.0000000e+00   0.0000000e+00   0.0000000e+00   0.0000000e+00   0.0000000e+00   5.0256666e-04   0.0000000e+00   0.0000000e+00   0.0000000e+00   0.0000000e+00   0.0000000e+00   0.0000000e+00   0.0000000e+00   6.3831826e-04   0.0000000e+00   0.0000000e+00   0.0000000e+00   0.0000000e+00   0.0000000e+00   0.0000000e+00   0.0000000e+00   4.5645248e-04
   0.0000000e+00   0.0000000e+00   0.0000000e+00   0.0000000e+00   0.0000000e+00   0.0000000e+00   0.0000000e+00   6.4306109e-03   2.5833838e-03   0.0000000e+00   1.5710391e-02   2.0127894e-03   7.4782011e-04   9.7556532e-03   2.6591337e-04   6.7822244e-03   0.0000000e+00   1.6132537e-03   0.0000000e+00   1.7508977e-04   0.0000000e+00   0.0000000e+00   0.0000000e+00   1.9235235e-02   0.0000000e+00   4.9665969e-03   1.2356043e-04   2.7454500e-03   0.0000000e+00   2.4345114e-03   0.0000000e+00   0.0000000e+00   0.0000000e+00   0.0000000e+00   0.0000000e+00   0.0000000e+00   0.0000000e+00   0.0000000e+00   0.0000000e+00   0.0000000e+00   0.0000000e+00   0.0000000e+00   0.0000000e+00   0.0000000e+00   0.0000000e+00   0.0000000e+00   1.4067409e-04   6.2238356e-03   0.0000000e+00   1.8337729e-03   0.0000000e+00   0.0000000e+00   0.0000000e+00   3.0333169e-04   0.0000000e+00   3.1455594e-03   0.0000000e+00   2.1954017e-03   0.0000000e+00   9.3478367e-04   0.0000000e+00   0.0000000e+00   2.6702846e-03   5.7157082e-03   0.0000000e+00   0.0000000e+00   0.0000000e+00   2.9501115e-03   0.0000000e+00   0.0000000e+00   0.0000000e+00   0.0000000e+00   0.0000000e+00   0.0000000e+00   0.0000000e+00   5.9671128e-04   0.0000000e+00   0.0000000e+00   0.0000000e+00   1.5657159e-02   0.0000000e+00   1.5771729e-03   0.0000000e+00   0.0000000e+00   0.0000000e+00   0.0000000e+00   0.0000000e+00   7.0048368e-04   0.0000000e+00   0.0000000e+00   0.0000000e+00   0.0000000e+00   0.0000000e+00   3.3839900e-04   0.0000000e+00   1.9528135e-02   0.0000000e+00   0.0000000e+00   0.0000000e+00   0.0000000e+00   0.0000000e+00   0.0000000e+00   0.0000000e+00   0.0000000e+00   0.0000000e+00   0.0000000e+00   0.0000000e+00   0.0000000e+00   0.0000000e+00   0.0000000e+00
   1.0471283e-03   0.0000000e+00   0.0000000e+00   0.0000000e+00   0.0000000e+00   0.0000000e+00   0.0000000e+00   1.0185835e-02   5.8891900e-03   1.5710391e-02   0.0000000e+00   4.3258945e-03   2.0321680e-03   4.3532932e-03   0.0000000e+00   1.3658679e-03   0.0000000e+00   0.0000000e+00   0.0000000e+00   1.3762214e-03   0.0000000e+00   0.0000000e+00   0.0000000e+00   7.5046672e-03   0.0000000e+00   2.2402096e-03   0.0000000e+00   5.7268247e-03   0.0000000e+00   6.8583428e-04   0.0000000e+00   0.0000000e+00   0.0000000e+00   0.0000000e+00   0.0000000e+00   0.0000000e+00   0.0000000e+00   0.0000000e+00   0.0000000e+00   0.0000000e+00   0.0000000e+00   5.5170193e-04   0.0000000e+00   0.0000000e+00   0.0000000e+00   0.0000000e+00   0.0000000e+00   7.5610009e-03   0.0000000e+00   4.1199900e-03   0.0000000e+00   0.0000000e+00   0.0000000e+00   0.0000000e+00   0.0000000e+00   0.0000000e+00   0.0000000e+00   2.3763166e-03   0.0000000e+00   0.0000000e+00   0.0000000e+00   0.0000000e+00   1.5236581e-03   9.4117588e-04   0.0000000e+00   0.0000000e+00   0.0000000e+00   1.7555772e-03   0.0000000e+00   0.0000000e+00   0.0000000e+00   0.0000000e+00   0.0000000e+00   0.0000000e+00   0.0000000e+00   1.9411112e-03   0.0000000e+00   0.0000000e+00   0.0000000e+00   1.2659308e-03   0.0000000e+00   3.8920013e-04   0.0000000e+00   4.8847455e-04   0.0000000e+00   0.0000000e+00   0.0000000e+00   1.0086612e-03   0.0000000e+00   3.5632478e-04   0.0000000e+00   0.0000000e+00   0.0000000e+00   0.0000000e+00   0.0000000e+00   5.0050389e-03   0.0000000e+00   0.0000000e+00   0.0000000e+00   0.0000000e+00   0.0000000e+00   0.0000000e+00   0.0000000e+00   0.0000000e+00   0.0000000e+00   0.0000000e+00   0.0000000e+00   0.0000000e+00   0.0000000e+00   0.0000000e+00
   0.0000000e+00   0.0000000e+00   0.0000000e+00   0.0000000e+00   1.9840590e-03   0.0000000e+00   0.0000000e+00   5.2552478e-03   4.3448466e-03   2.0127894e-03   4.3258945e-03   0.0000000e+00   2.5133455e-02   4.7681988e-04   0.0000000e+00   5.3563527e-05   0.0000000e+00   1.2003267e-03   0.0000000e+00   0.0000000e+00   0.0000000e+00   0.0000000e+00   0.0000000e+00   0.0000000e+00   0.0000000e+00   0.0000000e+00   0.0000000e+00   0.0000000e+00   0.0000000e+00   1.2419104e-02   0.0000000e+00   0.0000000e+00   0.0000000e+00   0.0000000e+00   0.0000000e+00   0.0000000e+00   0.0000000e+00   0.0000000e+00   0.0000000e+00   0.0000000e+00   0.0000000e+00   5.1104760e-04   0.0000000e+00   1.0623823e-03   0.0000000e+00   0.0000000e+00   0.0000000e+00   0.0000000e+00   0.0000000e+00   0.0000000e+00   0.0000000e+00   0.0000000e+00   0.0000000e+00   0.0000000e+00   0.0000000e+00   0.0000000e+00   1.5665544e-04   0.0000000e+00   0.0000000e+00   8.3890196e-04   0.0000000e+00   4.4172375e-03   0.0000000e+00   0.0000000e+00   0.0000000e+00   0.0000000e+00   0.0000000e+00   0.0000000e+00   0.0000000e+00   0.0000000e+00   0.0000000e+00   0.0000000e+00   8.4459946e-04   3.9961521e-03   1.9250424e-04   3.8206224e-03   7.1342433e-04   4.3705377e-03   0.0000000e+00   1.5398064e-03   0.0000000e+00   2.5029805e-02   0.0000000e+00   2.2979975e-02   5.9258890e-04   1.6040883e-02   0.0000000e+00   3.5022632e-03   0.0000000e+00   9.9646238e-03   0.0000000e+00   9.6102877e-03   4.9498375e-04   5.5111935e-03   0.0000000e+00   0.0000000e+00   0.0000000e+00   0.0000000e+00   0.0000000e+00   0.0000000e+00   0.0000000e+00   6.2883334e-04   0.0000000e+00   0.0000000e+00   0.0000000e+00   0.0000000e+00   0.0000000e+00   0.0000000e+00   0.0000000e+00   1.9122290e-04
   0.0000000e+00   0.0000000e+00   0.0000000e+00   0.0000000e+00   0.0000000e+00   0.0000000e+00   0.0000000e+00   1.7624548e-03   0.0000000e+00   7.4782011e-04   2.0321680e-03   2.5133455e-02   0.0000000e+00   0.0000000e+00   0.0000000e+00   5.4569983e-04   0.0000000e+00   1.5566858e-03   0.0000000e+00   0.0000000e+00   0.0000000e+00   0.0000000e+00   0.0000000e+00   0.0000000e+00   0.0000000e+00   0.0000000e+00   0.0000000e+00   0.0000000e+00   0.0000000e+00   1.8731720e-03   0.0000000e+00   0.0000000e+00   0.0000000e+00   0.0000000e+00   0.0000000e+00   0.0000000e+00   0.0000000e+00   0.0000000e+00   0.0000000e+00   0.0000000e+00   0.0000000e+00   1.9106242e-03   0.0000000e+00   0.0000000e+00   0.0000000e+00   0.0000000e+00   0.0000000e+00   0.0000000e+00   0.0000000e+00   0.0000000e+00   0.0000000e+00   0.0000000e+00   0.0000000e+00   0.0000000e+00   0.0000000e+00   0.0000000e+00   0.0000000e+00   0.0000000e+00   0.0000000e+00   0.0000000e+00   0.0000000e+00   2.5578808e-03   4.9124432e-04   1.3453886e-03   0.0000000e+00   0.0000000e+00   0.0000000e+00   0.0000000e+00   0.0000000e+00   0.0000000e+00   0.0000000e+00   0.0000000e+00   0.0000000e+00   4.0132482e-04   0.0000000e+00   2.2154893e-03   0.0000000e+00   3.7938325e-03   0.0000000e+00   7.4734248e-03   0.0000000e+00   3.4009487e-03   0.0000000e+00   1.4105700e-02   0.0000000e+00   2.7570797e-03   0.0000000e+00   2.9485849e-03   0.0000000e+00   1.0282618e-03   0.0000000e+00   8.2743083e-04   0.0000000e+00   0.0000000e+00   0.0000000e+00   0.0000000e+00   0.0000000e+00   0.0000000e+00   0.0000000e+00   0.0000000e+00   0.0000000e+00   0.0000000e+00   0.0000000e+00   0.0000000e+00   0.0000000e+00   0.0000000e+00   0.0000000e+00   0.0000000e+00   0.0000000e+00   0.0000000e+00
   0.0000000e+00   3.2408721e-03   0.0000000e+00   0.0000000e+00   0.0000000e+00   0.0000000e+00   7.9856565e-03   2.4899435e-03   0.0000000e+00   9.7556532e-03   4.3532932e-03   4.7681988e-04   0.0000000e+00   0.0000000e+00   0.0000000e+00   1.3151869e-04   0.0000000e+00   4.1175839e-04   0.0000000e+00   0.0000000e+00   0.0000000e+00   0.0000000e+00   0.0000000e+00   0.0000000e+00   0.0000000e+00   0.0000000e+00   0.0000000e+00   0.0000000e+00   0.0000000e+00   2.0012528e-04   0.0000000e+00   0.0000000e+00   0.0000000e+00   0.0000000e+00   0.0000000e+00   0.0000000e+00   0.0000000e+00   0.0000000e+00   0.0000000e+00   0.0000000e+00   0.0000000e+00   0.0000000e+00   0.0000000e+00   0.0000000e+00   0.0000000e+00   0.0000000e+00   0.0000000e+00   0.0000000e+00   0.0000000e+00   0.0000000e+00   0.0000000e+00   0.0000000e+00   0.0000000e+00   0.0000000e+00   0.0000000e+00   0.0000000e+00   0.0000000e+00   0.0000000e+00   0.0000000e+00   0.0000000e+00   0.0000000e+00   0.0000000e+00   7.8124368e-04   1.6307548e-02   0.0000000e+00   0.0000000e+00   1.6518413e-03   1.2367865e-02   0.0000000e+00   1.4244959e-03   0.0000000e+00   3.7667279e-04   0.0000000e+00   0.0000000e+00   0.0000000e+00   0.0000000e+00   0.0000000e+00   0.0000000e+00   0.0000000e+00   4.6922078e-04   0.0000000e+00   0.0000000e+00   0.0000000e+00   0.0000000e+00   0.0000000e+00   0.0000000e+00   0.0000000e+00   0.0000000e+00   0.0000000e+00   0.0000000e+00   0.0000000e+00   0.0000000e+00   0.0000000e+00   0.0000000e+00   0.0000000e+00   0.0000000e+00   0.0000000e+00   0.0000000e+00   0.0000000e+00   0.0000000e+00   0.0000000e+00   0.0000000e+00   0.0000000e+00   0.0000000e+00   0.0000000e+00   0.0000000e+00   0.0000000e+00   0.0000000e+00   0.0000000e+00   0.0000000e+00
   9.7570150e-03   1.1799406e-03   7.2313520e-03   5.2694389e-03   4.7419976e-04   2.2460818e-03   2.4418290e-04   0.0000000e+00   1.7620733e-03   2.6591337e-04   0.0000000e+00   0.0000000e+00   0.0000000e+00   0.0000000e+00   0.0000000e+00   6.0027516e-03   2.2172809e-03   0.0000000e+00   4.1562657e-03   0.0000000e+00   8.9373635e-03   0.0000000e+00   5.2888922e-03   0.0000000e+00   1.5627367e-03   0.0000000e+00   2.1372583e-04   0.0000000e+00   2.0355118e-03   0.0000000e+00   0.0000000e+00   0.0000000e+00   0.0000000e+00   0.0000000e+00   0.0000000e+00   0.0000000e+00   0.0000000e+00   0.0000000e+00   0.0000000e+00   0.0000000e+00   0.0000000e+00   0.0000000e+00   0.0000000e+00   0.0000000e+00   0.0000000e+00   0.0000000e+00   0.0000000e+00   0.0000000e+00   4.0853231e-04   0.0000000e+00   0.0000000e+00   0.0000000e+00   0.0000000e+00   0.0000000e+00   0.0000000e+00   0.0000000e+00   4.6543555e-04   0.0000000e+00   1.7622501e-03   0.0000000e+00   0.0000000e+00   0.0000000e+00   6.0071694e-03   5.4105566e-03   0.0000000e+00   0.0000000e+00   4.8691835e-04   0.0000000e+00   3.9037452e-03   2.8001573e-03   2.5202764e-03   2.4244034e-03   0.0000000e+00   0.0000000e+00   2.7345941e-04   0.0000000e+00   0.0000000e+00   0.0000000e+00   8.0145599e-03   1.6921518e-04   1.9194607e-03   0.0000000e+00   1.2831355e-04   0.0000000e+00   3.8645618e-04   0.0000000e+00   0.0000000e+00   0.0000000e+00   0.0000000e+00   0.0000000e+00   0.0000000e+00   0.0000000e+00   1.5254036e-03   0.0000000e+00   0.0000000e+00   0.0000000e+00   0.0000000e+00   0.0000000e+00   0.0000000e+00   0.0000000e+00   1.5568664e-03   0.0000000e+00   0.0000000e+00   0.0000000e+00   0.0000000e+00   0.0000000e+00   0.0000000e+00   0.0000000e+00   1.1786081e-03   0.0000000e+00
   2.2886132e-04   0.0000000e+00   0.0000000e+00   0.0000000e+00   0.0000000e+00   0.0000000e+00   0.0000000e+00   3.0172650e-03   3.3018200e-04   6.7822244e-03   1.3658679e-03   5.3563527e-05   5.4569983e-04   1.3151869e-04   6.0027516e-03   0.0000000e+00   0.0000000e+00   4.7042974e-03   2.9641181e-04   3.7727529e-03   0.0000000e+00   8.5559992e-03   0.0000000e+00   4.2293012e-03   0.0000000e+00   1.1686067e-03   0.0000000e+00   1.9795478e-04   0.0000000e+00   5.8984554e-03   0.0000000e+00   2.6810094e-04   0.0000000e+00   1.7213031e-04   0.0000000e+00   0.0000000e+00   0.0000000e+00   1.4700663e-04   0.0000000e+00   0.0000000e+00   0.0000000e+00   0.0000000e+00   0.0000000e+00   0.0000000e+00   0.0000000e+00   0.0000000e+00   0.0000000e+00   0.0000000e+00   0.0000000e+00   0.0000000e+00   0.0000000e+00   0.0000000e+00   0.0000000e+00   0.0000000e+00   0.0000000e+00   0.0000000e+00   0.0000000e+00   0.0000000e+00   0.0000000e+00   3.7952942e-04   0.0000000e+00   0.0000000e+00   1.0659333e-03   1.4123297e-03   0.0000000e+00   0.0000000e+00   5.2953928e-04   8.6021103e-04   2.6193415e-04   3.1901105e-03   2.5090091e-04   7.4907954e-04   0.0000000e+00   0.0000000e+00   0.0000000e+00   0.0000000e+00   0.0000000e+00   0.0000000e+00   4.9540173e-04   1.2801001e-02   0.0000000e+00   3.5105715e-04   0.0000000e+00   0.0000000e+00   0.0000000e+00   2.5433887e-04   0.0000000e+00   0.0000000e+00   0.0000000e+00   0.0000000e+00   0.0000000e+00   0.0000000e+00   0.0000000e+00   2.1842562e-03   0.0000000e+00   1.0404488e-03   0.0000000e+00   0.0000000e+00   0.0000000e+00   0.0000000e+00   0.0000000e+00   5.0473337e-04   0.0000000e+00   0.0000000e+00   0.0000000e+00   0.0000000e+00   0.0000000e+00   0.0000000e+00   0.0000000e+00   4.1321045e-04
   1.4097540e-03   0.0000000e+00   1.6030800e-03   3.2188534e-04   9.7000681e-04   4.6856743e-04   0.0000000e+00   0.0000000e+00   0.0000000e+00   0.0000000e+00   0.0000000e+00   0.0000000e+00   0.0000000e+00   0.0000000e+00   2.2172809e-03   0.0000000e+00   0.0000000e+00   0.0000000e+00   0.0000000e+00   0.0000000e+00   0.0000000e+00   0.0000000e+00   4.9024798e-03   0.0000000e+00   2.7703401e-03   0.0000000e+00   6.3664198e-04   0.0000000e+00   9.7586392e-03   0.0000000e+00   2.6347310e-04   0.0000000e+00   1.4458177e-03   0.0000000e+00   0.0000000e+00   0.0000000e+00   0.0000000e+00   0.0000000e+00   5.1196056e-04   0.0000000e+00   0.0000000e+00   0.0000000e+00   0.0000000e+00   0.0000000e+00   9.0638329e-04   0.0000000e+00   0.0000000e+00   0.0000000e+00   0.0000000e+00   0.0000000e+00   0.0000000e+00   0.0000000e+00   0.0000000e+00   0.0000000e+00   0.0000000e+00   0.0000000e+00   4.8005813e-04   0.0000000e+00   2.9961965e-03   0.0000000e+00   0.0000000e+00   0.0000000e+00   3.2545389e-04   0.0000000e+00   0.0000000e+00   0.0000000e+00   0.0000000e+00   0.0000000e+00   0.0000000e+00   0.0000000e+00   0.0000000e+00   0.0000000e+00   0.0000000e+00   0.0000000e+00   0.0000000e+00   0.0000000e+00   0.0000000e+00   0.0000000e+00   1.9893428e-02   0.0000000e+00   0.0000000e+00   0.0000000e+00   0.0000000e+00   0.0000000e+00   1.0132432e-03   0.0000000e+00   0.0000000e+00   0.0000000e+00   0.0000000e+00   0.0000000e+00   0.0000000e+00   0.0000000e+00   1.0343814e-02   0.0000000e+00   1.8525359e-02   0.0000000e+00   9.2272110e-03   0.0000000e+00   1.7986792e-03   0.0000000e+00   1.1005134e-02   0.0000000e+00   4.9449401e-03   0.0000000e+00   4.4310593e-03   0.0000000e+00   0.0000000e+00   0.0000000e+00   4.5936888e-03   0.0000000e+00
   0.0000000e+00   0.0000000e+00   0.0000000e+00   0.0000000e+00   0.0000000e+00   0.0000000e+00   0.0000000e+00   1.6252121e-03   6.1212463e-04   1.6132537e-03   0.0000000e+00   1.2003267e-03   1.5566858e-03   4.1175839e-04   0.0000000e+00   4.7042974e-03   0.0000000e+00   0.0000000e+00   0.0000000e+00   0.0000000e+00   0.0000000e+00   0.0000000e+00   0.0000000e+00   4.1574857e-03   0.0000000e+00   2.7522392e-03   0.0000000e+00   3.6871789e-04   0.0000000e+00   1.1044407e-02   0.0000000e+00   0.0000000e+00   0.0000000e+00   2.5218038e-03   0.0000000e+00   0.0000000e+00   0.0000000e+00   2.1127800e-03   0.0000000e+00   4.3021028e-04   0.0000000e+00   0.0000000e+00   0.0000000e+00   0.0000000e+00   0.0000000e+00   0.0000000e+00   0.0000000e+00   5.5885942e-04   0.0000000e+00   0.0000000e+00   0.0000000e+00   4.6746078e-04   0.0000000e+00   1.9884291e-03   0.0000000e+00   6.6134937e-04   0.0000000e+00   0.0000000e+00   0.0000000e+00   3.8814255e-04   0.0000000e+00   0.0000000e+00   0.0000000e+00   5.9383376e-04   0.0000000e+00   0.0000000e+00   0.0000000e+00   0.0000000e+00   0.0000000e+00   0.0000000e+00   0.0000000e+00   0.0000000e+00   0.0000000e+00   0.0000000e+00   0.0000000e+00   1.8551809e-04   0.0000000e+00   0.0000000e+00   0.0000000e+00   2.5301891e-02   0.0000000e+00   0.0000000e+00   0.0000000e+00   0.0000000e+00   0.0000000e+00   5.8689966e-04   0.0000000e+00   0.0000000e+00   0.0000000e+00   0.0000000e+00   0.0000000e+00   0.0000000e+00   0.0000000e+00   2.4637449e-03   0.0000000e+00   2.5863649e-02   0.0000000e+00   1.0205976e-02   0.0000000e+00   7.9202275e-03   0.0000000e+00   8.6499417e-03   0.0000000e+00   9.9737776e-03   0.0000000e+00   5.0681986e-03   0.0000000e+00   0.0000000e+00   0.0000000e+00   5.3564637e-04
   7.7741405e-03   0.0000000e+00   7.7505139e-04   1.8789682e-03   0.0000000e+00   0.0000000e+00   0.0000000e+00   1.8993144e-04   0.0000000e+00   0.0000000e+00   0.0000000e+00   0.0000000e+00   0.0000000e+00   0.0000000e+00   4.1562657e-03   2.9641181e-04   0.0000000e+00   0.0000000e+00   0.0000000e+00   6.5821198e-03   1.4867363e-02   0.0000000e+00   0.0000000e+00   0.0000000e+00   4.8374983e-03   0.0000000e+00   5.7528373e-03   2.1393877e-04   0.0000000e+00   0.0000000e+00   0.0000000e+00   0.0000000e+00   0.0000000e+00   0.0000000e+00   0.0000000e+00   0.0000000e+00   0.0000000e+00   0.0000000e+00   0.0000000e+00   0.0000000e+00   0.0000000e+00   0.0000000e+00   0.0000000e+00   0.0000000e+00   0.0000000e+00   0.0000000e+00   0.0000000e+00   0.0000000e+00   0.0000000e+00   0.0000000e+00   0.0000000e+00   0.0000000e+00   0.0000000e+00   0.0000000e+00   0.0000000e+00   0.0000000e+00   0.0000000e+00   0.0000000e+00   0.0000000e+00   0.0000000e+00   0.0000000e+00   0.0000000e+00   0.0000000e+00   0.0000000e+00   5.5301226e-03   9.0814553e-03   0.0000000e+00   0.0000000e+00   6.5738378e-03   5.9384286e-04   7.3981734e-03   9.1174756e-05   1.0014588e-03   0.0000000e+00   2.5180911e-04   0.0000000e+00   0.0000000e+00   0.0000000e+00   0.0000000e+00   0.0000000e+00   0.0000000e+00   0.0000000e+00   0.0000000e+00   0.0000000e+00   0.0000000e+00   0.0000000e+00   0.0000000e+00   0.0000000e+00   0.0000000e+00   0.0000000e+00   0.0000000e+00   0.0000000e+00   0.0000000e+00   0.0000000e+00   0.0000000e+00   0.0000000e+00   2.2359878e-04   0.0000000e+00   0.0000000e+00   0.0000000e+00   0.0000000e+00   0.0000000e+00   0.0000000e+00   0.0000000e+00   0.0000000e+00   0.0000000e+00   0.0000000e+00   0.0000000e+00   0.0000000e+00   0.0000000e+00
   4.3302253e-03   0.0000000e+00   0.0000000e+00   0.0000000e+00   0.0000000e+00   0.0000000e+00   0.0000000e+00   1.8591702e-03   9.7036065e-04   1.7508977e-04   1.3762214e-03   0.0000000e+00   0.0000000e+00   0.0000000e+00   0.0000000e+00   3.7727529e-03   0.0000000e+00   0.0000000e+00   6.5821198e-03   0.0000000e+00   0.0000000e+00   8.9795902e-03   0.0000000e+00   0.0000000e+00   0.0000000e+00   1.7482427e-03   1.1875971e-03   1.4132566e-02   0.0000000e+00   0.0000000e+00   0.0000000e+00   0.0000000e+00   0.0000000e+00   0.0000000e+00   0.0000000e+00   0.0000000e+00   0.0000000e+00   0.0000000e+00   0.0000000e+00   0.0000000e+00   0.0000000e+00   0.0000000e+00   0.0000000e+00   0.0000000e+00   0.0000000e+00   0.0000000e+00   1.0716600e-04   1.0173119e-04   0.0000000e+00   0.0000000e+00   0.0000000e+00   0.0000000e+00   0.0000000e+00   0.0000000e+00   0.0000000e+00   0.0000000e+00   0.0000000e+00   0.0000000e+00   0.0000000e+00   0.0000000e+00   0.0000000e+00   0.0000000e+00   0.0000000e+00   0.0000000e+00   4.9826136e-03   2.2824298e-03   0.0000000e+00   0.0000000e+00   3.3045594e-04   7.0679979e-03   1.6082612e-03   1.7240653e-03   6.5273755e-04   3.5661445e-04   0.0000000e+00   0.0000000e+00   0.0000000e+00   0.0000000e+00   0.0000000e+00   0.0000000e+00   0.0000000e+00   0.0000000e+00   0.0000000e+00   0.0000000e+00   0.0000000e+00   0.0000000e+00   0.0000000e+00   0.0000000e+00   0.0000000e+00   0.0000000e+00   0.0000000e+00   0.0000000e+00   0.0000000e+00   0.0000000e+00   0.0000000e+00   0.0000000e+00   0.0000000e+00   0.0000000e+00   0.0000000e+00   0.0000000e+00   0.0000000e+00   0.0000000e+00   0.0000000e+00   0.0000000e+00   0.0000000e+00   0.0000000e+00   0.0000000e+00   0.0000000e+00   0.0000000e+00   0.0000000e+00
   0.0000000e+00   0.0000000e+00   8.6369614e-04   0.0000000e+00   0.0000000e+00   0.0000000e+00   0.0000000e+00   0.0000000e+00   0.0000000e+00   0.0000000e+00   0.0000000e+00   0.0000000e+00   0.0000000e+00   0.0000000e+00   8.9373635e-03   0.0000000e+00   0.0000000e+00   0.0000000e+00   1.4867363e-02   0.0000000e+00   0.0000000e+00   0.0000000e+00   3.0222218e-03   0.0000000e+00   1.2009652e-02   0.0000000e+00   1.3601454e-02   0.0000000e+00   0.0000000e+00   0.0000000e+00   0.0000000e+00   0.0000000e+00   0.0000000e+00   0.0000000e+00   0.0000000e+00   0.0000000e+00   0.0000000e+00   0.0000000e+00   0.0000000e+00   0.0000000e+00   0.0000000e+00   0.0000000e+00   0.0000000e+00   0.0000000e+00   0.0000000e+00   0.0000000e+00   0.0000000e+00   0.0000000e+00   0.0000000e+00   0.0000000e+00   0.0000000e+00   0.0000000e+00   6.8234023e-04   0.0000000e+00   7.3268920e-04   0.0000000e+00   0.0000000e+00   0.0000000e+00   0.0000000e+00   0.0000000e+00   0.0000000e+00   0.0000000e+00   0.0000000e+00   0.0000000e+00   0.0000000e+00   0.0000000e+00   0.0000000e+00   0.0000000e+00   0.0000000e+00   0.0000000e+00   0.0000000e+00   0.0000000e+00   0.0000000e+00   0.0000000e+00   0.0000000e+00   0.0000000e+00   0.0000000e+00   0.0000000e+00   0.0000000e+00   0.0000000e+00   0.0000000e+00   0.0000000e+00   0.0000000e+00   0.0000000e+00   0.0000000e+00   0.0000000e+00   0.0000000e+00   0.0000000e+00   0.0000000e+00   0.0000000e+00   0.0000000e+00   0.0000000e+00   0.0000000e+00   0.0000000e+00   0.0000000e+00   0.0000000e+00   0.0000000e+00   0.0000000e+00   0.0000000e+00   0.0000000e+00   0.0000000e+00   0.0000000e+00   0.0000000e+00   0.0000000e+00   0.0000000e+00   0.0000000e+00   0.0000000e+00   0.0000000e+00   0.0000000e+00   0.0000000e+00
   0.0000000e+00   0.0000000e+00   0.0000000e+00   0.0000000e+00   0.0000000e+00   0.0000000e+00   0.0000000e+00   0.0000000e+00   0.0000000e+00   0.0000000e+00   0.0000000e+00   0.0000000e+00   0.0000000e+00   0.0000000e+00   0.0000000e+00   8.5559992e-03   0.0000000e+00   0.0000000e+00   0.0000000e+00   8.9795902e-03   0.0000000e+00   0.0000000e+00   0.0000000e+00   2.2207504e-03   0.0000000e+00   7.0430748e-03   0.0000000e+00   1.2566012e-02   0.0000000e+00   0.0000000e+00   0.0000000e+00   0.0000000e+00   0.0000000e+00   0.0000000e+00   0.0000000e+00   0.0000000e+00   0.0000000e+00   0.0000000e+00   0.0000000e+00   0.0000000e+00   0.0000000e+00   0.0000000e+00   0.0000000e+00   0.0000000e+00   0.0000000e+00   0.0000000e+00   0.0000000e+00   0.0000000e+00   0.0000000e+00   0.0000000e+00   0.0000000e+00   0.0000000e+00   0.0000000e+00   0.0000000e+00   0.0000000e+00   0.0000000e+00   0.0000000e+00   0.0000000e+00   0.0000000e+00   0.0000000e+00   0.0000000e+00   0.0000000e+00   0.0000000e+00   0.0000000e+00   0.0000000e+00   0.0000000e+00   0.0000000e+00   0.0000000e+00   0.0000000e+00   0.0000000e+00   0.0000000e+00   0.0000000e+00   0.0000000e+00   0.0000000e+00   0.0000000e+00   0.0000000e+00   0.0000000e+00   0.0000000e+00   0.0000000e+00   0.0000000e+00   0.0000000e+00   0.0000000e+00   0.0000000e+00   0.0000000e+00   0.0000000e+00   0.0000000e+00   0.0000000e+00   0.0000000e+00   0.0000000e+00   0.0000000e+00   0.0000000e+00   0.0000000e+00   0.0000000e+00   0.0000000e+00   0.0000000e+00   0.0000000e+00   0.0000000e+00   0.0000000e+00   0.0000000e+00   0.0000000e+00   0.0000000e+00   0.0000000e+00   0.0000000e+00   0.0000000e+00   0.0000000e+00   0.0000000e+00   0.0000000e+00   0.0000000e+00   0.0000000e+00   0.0000000e+00
