   0.0000000e+00   8.8746667e-03   1.6174466e-02   2.7717834e-03   1.9006393e-02   1.5171758e-02   2.5640633e-03   2.0051376e-02   0.0000000e+00   6.7441765e-03   4.8072243e-03   1.0895511e-03   0.0000000e+00   0.0000000e+00   0.0000000e+00   4.1888252e-04   0.0000000e+00   0.0000000e+00   0.0000000e+00   0.0000000e+00   0.0000000e+00   0.0000000e+00   0.0000000e+00   0.0000000e+00   0.0000000e+00   0.0000000e+00   1.9152477e-03   0.0000000e+00   6.1189312e-04   0.0000000e+00   0.0000000e+00   0.0000000e+00   0.0000000e+00   0.0000000e+00   0.0000000e+00   0.0000000e+00   0.0000000e+00   0.0000000e+00   0.0000000e+00   0.0000000e+00   0.0000000e+00   0.0000000e+00   0.0000000e+00   0.0000000e+00   0.0000000e+00   0.0000000e+00   1.8657578e-03   0.0000000e+00   8.4847802e-04   0.0000000e+00   0.0000000e+00   0.0000000e+00   0.0000000e+00   0.0000000e+00   0.0000000e+00   0.0000000e+00   0.0000000e+00   0.0000000e+00   0.0000000e+00   0.0000000e+00   0.0000000e+00   0.0000000e+00   0.0000000e+00   0.0000000e+00   1.4878473e-03   0.0000000e+00   0.0000000e+00   0.0000000e+00   0.0000000e+00   1.2298015e-03   2.4034370e-04   6.3300908e-04   1.2824263e-03   5.7013209e-04   1.6287574e-04   0.0000000e+00   0.0000000e+00   0.0000000e+00   0.0000000e+00   0.0000000e+00   2.1754575e-03   0.0000000e+00   4.0581071e-03   3.7453137e-04   1.3327198e-03   0.0000000e+00   6.5648929e-04   0.0000000e+00   2.1963512e-03   0.0000000e+00   5.3065717e-04   0.0000000e+00   2.1242233e-04   0.0000000e+00   0.0000000e+00   0.0000000e+00   0.0000000e+00   0.0000000e+00   0.0000000e+00   0.0000000e+00   0.0000000e+00   0.0000000e+00   0.0000000e+00   0.0000000e+00   0.0000000e+00   0.0000000e+00   0.0000000e+00   0.0000000e+00   4.2682064e-04   0.0000000e+00
   8.8746667e-03   0.0000000e+00   8.8676596e-04   5.7327586e-03   2.7314606e-03   6.7920376e-04   2.6199282e-03   2.8439775e-04   0.0000000e+00   1.0919576e-03   0.0000000e+00   0.0000000e+00   0.0000000e+00   0.0000000e+00   3.0744338e-04   0.0000000e+00   0.0000000e+00   0.0000000e+00   0.0000000e+00   0.0000000e+00   0.0000000e+00   0.0000000e+00   0.0000000e+00   0.0000000e+00   0.0000000e+00   0.0000000e+00   0.0000000e+00   0.0000000e+00   0.0000000e+00   0.0000000e+00   0.0000000e+00   0.0000000e+00   0.0000000e+00   0.0000000e+00   0.0000000e+00   0.0000000e+00   0.0000000e+00   0.0000000e+00   0.0000000e+00   0.0000000e+00   0.0000000e+00   0.0000000e+00   0.0000000e+00   0.0000000e+00   0.0000000e+00   0.0000000e+00   0.0000000e+00   0.0000000e+00   0.0000000e+00   0.0000000e+00   0.0000000e+00   0.0000000e+00   0.0000000e+00   0.0000000e+00   0.0000000e+00   0.0000000e+00   0.0000000e+00   0.0000000e+00   0.0000000e+00   0.0000000e+00   0.0000000e+00   0.0000000e+00   0.0000000e+00   0.0000000e+00   0.0000000e+00   0.0000000e+00   0.0000000e+00   0.0000000e+00   0.0000000e+00   0.0000000e+00   2.3984977e-04   0.0000000e+00   1.4387490e-03   0.0000000e+00   0.0000000e+00   0.0000000e+00   0.0000000e+00   0.0000000e+00   0.0000000e+00   0.0000000e+00   0.0000000e+00   0.0000000e+00   2.0689106e-03   0.0000000e+00   3.8410335e-04   0.0000000e+00   0.0000000e+00   0.0000000e+00   3.9799008e-04   0.0000000e+00   0.0000000e+00   0.0000000e+00   0.0000000e+00   0.0000000e+00   0.0000000e+00   0.0000000e+00   0.0000000e+00   0.0000000e+00   0.0000000e+00   0.0000000e+00   0.0000000e+00   0.0000000e+00   0.0000000e+00   0.0000000e+00   0.0000000e+00   0.0000000e+00   0.0000000e+00   0.0000000e+00   0.0000000e+00   0.0000000e+00
   1.6174466e-02   8.8676596e-04   0.0000000e+00   1.0245786e-02   4.6467679e-04   5.7953157e-04   4.7615621e-03   5.2653016e-03   0.0000000e+00   3.6582929e-03   5.7377722e-03   1.0484137e-03   1.5899306e-03   0.0000000e+00   1.0660583e-02   2.7312368e-04   6.1121290e-04   0.0000000e+00   1.1428973e-02   0.0000000e+00   0.0000000e+00   0.0000000e+00   0.0000000e+00   0.0000000e+00   0.0000000e+00   0.0000000e+00   5.6027929e-03   0.0000000e+00   6.6537410e-04   0.0000000e+00   0.0000000e+00   0.0000000e+00   0.0000000e+00   0.0000000e+00   0.0000000e+00   0.0000000e+00   0.0000000e+00   0.0000000e+00   0.0000000e+00   0.0000000e+00   3.9390155e-04   0.0000000e+00   0.0000000e+00   0.0000000e+00   0.0000000e+00   0.0000000e+00   1.2611752e-02   0.0000000e+00   2.7806177e-03   0.0000000e+00   0.0000000e+00   0.0000000e+00   0.0000000e+00   0.0000000e+00   0.0000000e+00   0.0000000e+00   4.7620948e-03   0.0000000e+00   1.3873842e-03   0.0000000e+00   0.0000000e+00   0.0000000e+00   5.5748832e-03   0.0000000e+00   5.9558995e-03   0.0000000e+00   3.2195540e-03   0.0000000e+00   7.1748658e-04   1.6086967e-03   1.2459524e-03   0.0000000e+00   0.0000000e+00   0.0000000e+00   2.2156288e-04   0.0000000e+00   0.0000000e+00   0.0000000e+00   4.8604371e-04   0.0000000e+00   5.9154308e-04   0.0000000e+00   0.0000000e+00   0.0000000e+00   0.0000000e+00   0.0000000e+00   7.9763487e-04   0.0000000e+00   0.0000000e+00   0.0000000e+00   0.0000000e+00   0.0000000e+00   3.9326579e-04   0.0000000e+00   0.0000000e+00   0.0000000e+00   0.0000000e+00   0.0000000e+00   0.0000000e+00   0.0000000e+00   0.0000000e+00   0.0000000e+00   0.0000000e+00   0.0000000e+00   0.0000000e+00   0.0000000e+00   0.0000000e+00   0.0000000e+00   9.5415516e-04   0.0000000e+00
   2.7717834e-03   5.7327586e-03   1.0245786e-02   0.0000000e+00   0.0000000e+00   0.0000000e+00   4.9985216e-03   1.0880840e-02   0.0000000e+00   1.3858274e-03   5.9640378e-03   0.0000000e+00   0.0000000e+00   0.0000000e+00   2.9005698e-03   4.9238809e-04   0.0000000e+00   0.0000000e+00   3.1181087e-04   0.0000000e+00   0.0000000e+00   0.0000000e+00   0.0000000e+00   0.0000000e+00   0.0000000e+00   0.0000000e+00   4.6330240e-03   0.0000000e+00   0.0000000e+00   0.0000000e+00   0.0000000e+00   0.0000000e+00   0.0000000e+00   0.0000000e+00   0.0000000e+00   0.0000000e+00   0.0000000e+00   0.0000000e+00   0.0000000e+00   0.0000000e+00   0.0000000e+00   0.0000000e+00   0.0000000e+00   0.0000000e+00   0.0000000e+00   0.0000000e+00   4.4822202e-03   0.0000000e+00   4.5400731e-04   0.0000000e+00   0.0000000e+00   0.0000000e+00   0.0000000e+00   0.0000000e+00   0.0000000e+00   0.0000000e+00   7.2261308e-04   0.0000000e+00   8.2061867e-04   0.0000000e+00   0.0000000e+00   0.0000000e+00   2.2396092e-03   1.2772108e-03   2.2758138e-03   0.0000000e+00   9.2321602e-04   0.0000000e+00   1.6559343e-03   2.4496162e-03   1.2156455e-03   9.2218058e-04   0.0000000e+00   0.0000000e+00   0.0000000e+00   0.0000000e+00   0.0000000e+00   0.0000000e+00   0.0000000e+00   0.0000000e+00   0.0000000e+00   0.0000000e+00   0.0000000e+00   0.0000000e+00   0.0000000e+00   0.0000000e+00   0.0000000e+00   0.0000000e+00   0.0000000e+00   0.0000000e+00   0.0000000e+00   0.0000000e+00   0.0000000e+00   0.0000000e+00   0.0000000e+00   0.0000000e+00   0.0000000e+00   0.0000000e+00   0.0000000e+00   0.0000000e+00   0.0000000e+00   0.0000000e+00   0.0000000e+00   0.0000000e+00   0.0000000e+00   0.0000000e+00   0.0000000e+00   0.0000000e+00   2.6761036e-04   0.0000000e+00
   1.9006393e-02   2.7314606e-03   4.6467679e-04   0.0000000e+00   0.0000000e+00   1.7857860e-02   0.0000000e+00   1.9783210e-04   0.0000000e+00   0.0000000e+00   0.0000000e+00   2.7996956e-03   4.7071511e-04   0.0000000e+00   5.6766436e-05   0.0000000e+00   1.5590346e-03   0.0000000e+00   0.0000000e+00   0.0000000e+00   0.0000000e+00   0.0000000e+00   0.0000000e+00   0.0000000e+00   0.0000000e+00   0.0000000e+00   0.0000000e+00   0.0000000e+00   7.6665166e-03   0.0000000e+00   0.0000000e+00   0.0000000e+00   0.0000000e+00   0.0000000e+00   0.0000000e+00   0.0000000e+00   0.0000000e+00   0.0000000e+00   0.0000000e+00   0.0000000e+00   0.0000000e+00   0.0000000e+00   0.0000000e+00   0.0000000e+00   0.0000000e+00   0.0000000e+00   0.0000000e+00   0.0000000e+00   0.0000000e+00   0.0000000e+00   0.0000000e+00   0.0000000e+00   0.0000000e+00   0.0000000e+00   0.0000000e+00   0.0000000e+00   0.0000000e+00   0.0000000e+00   0.0000000e+00   0.0000000e+00   4.2818238e-04   0.0000000e+00   0.0000000e+00   0.0000000e+00   0.0000000e+00   0.0000000e+00   0.0000000e+00   0.0000000e+00   1.0934728e-03   0.0000000e+00   1.1179137e-03   0.0000000e+00   2.9995303e-03   2.9932655e-03   2.9479299e-04   0.0000000e+00   0.0000000e+00   0.0000000e+00   3.3487527e-03   0.0000000e+00   1.7434866e-02   3.3300157e-04   4.4118022e-03   1.1411411e-03   2.6004420e-03   1.4688070e-04   9.5212616e-03   0.0000000e+00   5.6991168e-03   0.0000000e+00   0.0000000e+00   2.7134809e-04   6.6983488e-04   0.0000000e+00   0.0000000e+00   0.0000000e+00   0.0000000e+00   0.0000000e+00   0.0000000e+00   0.0000000e+00   0.0000000e+00   0.0000000e+00   0.0000000e+00   0.0000000e+00   0.0000000e+00   0.0000000e+00   0.0000000e+00   0.0000000e+00   7.5866506e-04   0.0000000e+00
   1.5171758e-02   6.7920376e-04   5.7953157e-04   0.0000000e+00   1.7857860e-02   0.0000000e+00   3.5574554e-03   0.0000000e+00   0.0000000e+00   0.0000000e+00   0.0000000e+00   7.5616068e-04   2.9600833e-04   0.0000000e+00   7.7136491e-05   0.0000000e+00   6.4323088e-04   0.0000000e+00   0.0000000e+00   0.0000000e+00   0.0000000e+00   0.0000000e+00   0.0000000e+00   0.0000000e+00   0.0000000e+00   0.0000000e+00   0.0000000e+00   0.0000000e+00   6.2476373e-03   0.0000000e+00   0.0000000e+00   0.0000000e+00   0.0000000e+00   0.0000000e+00   0.0000000e+00   0.0000000e+00   0.0000000e+00   0.0000000e+00   0.0000000e+00   0.0000000e+00   0.0000000e+00   0.0000000e+00   0.0000000e+00   0.0000000e+00   0.0000000e+00   0.0000000e+00   0.0000000e+00   0.0000000e+00   0.0000000e+00   0.0000000e+00   0.0000000e+00   0.0000000e+00   0.0000000e+00   0.0000000e+00   0.0000000e+00   0.0000000e+00   0.0000000e+00   0.0000000e+00   0.0000000e+00   0.0000000e+00   0.0000000e+00   0.0000000e+00   3.7540129e-04   0.0000000e+00   0.0000000e+00   0.0000000e+00   5.4269903e-03   0.0000000e+00   9.6337472e-04   0.0000000e+00   1.2015837e-03   0.0000000e+00   1.3144443e-03   2.8583848e-04   0.0000000e+00   0.0000000e+00   0.0000000e+00   0.0000000e+00   7.2261694e-03   0.0000000e+00   7.9243199e-03   0.0000000e+00   2.3914684e-03   6.7537830e-04   0.0000000e+00   0.0000000e+00   1.7898519e-03   0.0000000e+00   0.0000000e+00   0.0000000e+00   0.0000000e+00   0.0000000e+00   0.0000000e+00   0.0000000e+00   0.0000000e+00   0.0000000e+00   0.0000000e+00   0.0000000e+00   0.0000000e+00   0.0000000e+00   0.0000000e+00   0.0000000e+00   0.0000000e+00   0.0000000e+00   0.0000000e+00   0.0000000e+00   0.0000000e+00   0.0000000e+00   0.0000000e+00   0.0000000e+00
   2.5640633e-03   2.6199282e-03   4.7615621e-03   4.9985216e-03   0.0000000e+00   3.5574554e-03   0.0000000e+00   0.0000000e+00   0.0000000e+00   1.4290990e-03   0.0000000e+00   0.0000000e+00   0.0000000e+00   0.0000000e+00   5.4218005e-04   0.0000000e+00   0.0000000e+00   0.0000000e+00   0.0000000e+00   0.0000000e+00   0.0000000e+00   0.0000000e+00   0.0000000e+00   0.0000000e+00   0.0000000e+00   0.0000000e+00   0.0000000e+00   0.0000000e+00   0.0000000e+00   0.0000000e+00   0.0000000e+00   0.0000000e+00   0.0000000e+00   0.0000000e+00   0.0000000e+00   0.0000000e+00   0.0000000e+00   0.0000000e+00   0.0000000e+00   0.0000000e+00   0.0000000e+00   0.0000000e+00   0.0000000e+00   0.0000000e+00   0.0000000e+00   0.0000000e+00   0.0000000e+00   0.0000000e+00   0.0000000e+00   0.0000000e+00   0.0000000e+00   0.0000000e+00   0.0000000e+00   0.0000000e+00   0.0000000e+00   0.0000000e+00   1.4459851e-04   0.0000000e+00   0.0000000e+00   0.0000000e+00   0.0000000e+00   0.0000000e+00   5.3638102e-03   0.0000000e+00   0.0000000e+00   0.0000000e+00   1.5278901e-02   1.3142061e-03   1.0647285e-03   0.0000000e+00   5.1080624e-03   1.2469459e-03   0.0000000e+00   0.0000000e+00   0.0000000e+00   0.0000000e+00   0.0000000e+00   0.0000000e+00   0.0000000e+00   0.0000000e+00   0.0000000e+00   0.0000000e+00   0.0000000e+00   0.0000000e+00   0.0000000e+00   0.0000000e+00   0.0000000e+00   0.0000000e+00   0.0000000e+00   0.0000000e+00   0.0000000e+00   0.0000000e+00   0.0000000e+00   0.0000000e+00   0.0000000e+00   0.0000000e+00   0.0000000e+00   0.0000000e+00   0.0000000e+00   0.0000000e+00   0.0000000e+00   0.0000000e+00   0.0000000e+00   0.0000000e+00   0.0000000e+00   0.0000000e+00   0.0000000e+00   0.0000000e+00   0.0000000e+00   0.0000000e+00
   2.0051376e-02   2.8439775e-04   5.2653016e-03   1.0880840e-02   1.9783210e-04   0.0000000e+00   0.0000000e+00   0.0000000e+00   6.0568837e-03   1.1950984e-02   2.6629865e-03   1.0985138e-02   2.9647209e-03   5.4998028e-04   0.0000000e+00   0.0000000e+00   0.0000000e+00   0.0000000e+00   0.0000000e+00   0.0000000e+00   0.0000000e+00   0.0000000e+00   0.0000000e+00   0.0000000e+00   0.0000000e+00   0.0000000e+00   0.0000000e+00   0.0000000e+00   0.0000000e+00   8.5537932e-04   0.0000000e+00   0.0000000e+00   0.0000000e+00   0.0000000e+00   0.0000000e+00   0.0000000e+00   0.0000000e+00   0.0000000e+00   0.0000000e+00   0.0000000e+00   0.0000000e+00   1.0518739e-03   0.0000000e+00   0.0000000e+00   0.0000000e+00   0.0000000e+00   0.0000000e+00   0.0000000e+00   0.0000000e+00   0.0000000e+00   0.0000000e+00   0.0000000e+00   0.0000000e+00   0.0000000e+00   0.0000000e+00   0.0000000e+00   0.0000000e+00   0.0000000e+00   0.0000000e+00   0.0000000e+00   0.0000000e+00   0.0000000e+00   0.0000000e+00   0.0000000e+00   0.0000000e+00   0.0000000e+00   0.0000000e+00   4.1890318e-04   0.0000000e+00   0.0000000e+00   8.7430229e-04   0.0000000e+00   4.3657800e-04   5.6513947e-04   0.0000000e+00   8.6947271e-05   0.0000000e+00   0.0000000e+00   0.0000000e+00   0.0000000e+00   0.0000000e+00   9.5765244e-04   0.0000000e+00   1.1738025e-03   1.8155500e-04   3.9719583e-04   0.0000000e+00   0.0000000e+00   0.0000000e+00   0.0000000e+00   0.0000000e+00   0.0000000e+00   1.6794686e-03   0.0000000e+00   0.0000000e+00   0.0000000e+00   0.0000000e+00   0.0000000e+00   0.0000000e+00   0.0000000e+00   0.0000000e+00   0.0000000e+00   0.0000000e+00   0.0000000e+00   0.0000000e+00   0.0000000e+00   0.0000000e+00   0.0000000e+00   3.5461454e-04   0.0000000e+00
   0.0000000e+00   0.0000000e+00   0.0000000e+00   0.0000000e+00   0.0000000e+00   0.0000000e+00   0.0000000e+00   6.0568837e-03   0.0000000e+00   5.2712684e-04   8.5517220e-03   0.0000000e+00   0.0000000e+00   2.2307590e-03   1.5955244e-03   7.6536969e-04   0.0000000e+00   0.0000000e+00   0.0000000e+00   0.0000000e+00   0.0000000e+00   0.0000000e+00   0.0000000e+00   0.0000000e+00   0.0000000e+00   0.0000000e+00   0.0000000e+00   0.0000000e+00   0.0000000e+00   0.0000000e+00   0.0000000e+00   0.0000000e+00   0.0000000e+00   0.0000000e+00   0.0000000e+00   0.0000000e+00   0.0000000e+00   0.0000000e+00   0.0000000e+00   0.0000000e+00   0.0000000e+00   0.0000000e+00   0.0000000e+00   0.0000000e+00   0.0000000e+00   0.0000000e+00   0.0000000e+00   0.0000000e+00   0.0000000e+00   0.0000000e+00   0.0000000e+00   0.0000000e+00   0.0000000e+00   0.0000000e+00   0.0000000e+00   0.0000000e+00   0.0000000e+00   0.0000000e+00   0.0000000e+00   0.0000000e+00   0.0000000e+00   0.0000000e+00   1.4613405e-03   5.6094845e-03   0.0000000e+00   0.0000000e+00   0.0000000e+00   0.0000000e+00   0.0000000e+00   3.1325780e-03   0.0000000e+00   0.0000000e+00   0.0000000e+00   0.0000000e+00   0.0000000e+00   0.0000000e+00   0.0000000e+00   0.0000000e+00   0.0000000e+00   0.0000000e+00   0.0000000e+00   0.0000000e+00   0.0000000e+00   0.0000000e+00   0.0000000e+00   0.0000000e+00   0.0000000e+00   0.0000000e+00   0.0000000e+00   0.0000000e+00   0.0000000e+00   0.0000000e+00   0.0000000e+00   0.0000000e+00   0.0000000e+00   0.0000000e+00   0.0000000e+00   0.0000000e+00   0.0000000e+00   0.0000000e+00   0.0000000e+00   0.0000000e+00   0.0000000e+00   0.0000000e+00   0.0000000e+00   0.0000000e+00   0.0000000e+00   0.0000000e+00   0.0000000e+00   0.0000000e+00
   6.7441765e-03   1.0919576e-03   3.6582929e-03   1.3858274e-03   0.0000000e+00   0.0000000e+00   1.4290990e-03   1.1950984e-02   5.2712684e-04   0.0000000e+00   1.1001558e-02   4.1376038e-04   1.3986811e-03   4.3427843e-03   1.1349687e-03   1.6141062e-02   0.0000000e+00   5.5538404e-04   2.4762122e-04   1.0360410e-02   0.0000000e+00   0.0000000e+00   0.0000000e+00   0.0000000e+00   0.0000000e+00   0.0000000e+00   0.0000000e+00   5.6165044e-03   0.0000000e+00   2.9065211e-04   0.0000000e+00   0.0000000e+00   0.0000000e+00   0.0000000e+00   0.0000000e+00   0.0000000e+00   0.0000000e+00   0.0000000e+00   0.0000000e+00   0.0000000e+00   0.0000000e+00   0.0000000e+00   0.0000000e+00   0.0000000e+00   0.0000000e+00   0.0000000e+00   0.0000000e+00   1.4227916e-02   0.0000000e+00   8.8971903e-03   0.0000000e+00   0.0000000e+00   0.0000000e+00   0.0000000e+00   0.0000000e+00   0.0000000e+00   5.0744182e-04   9.5421635e-04   0.0000000e+00   0.0000000e+00   0.0000000e+00   0.0000000e+00   0.0000000e+00   0.0000000e+00   6.1752826e-04   7.7854597e-03   0.0000000e+00   1.0625090e-03   0.0000000e+00   0.0000000e+00   0.0000000e+00   1.0480301e-03   1.3807853e-03   1.1346092e-03   4.0129681e-04   7.0975484e-04   7.0633490e-04   0.0000000e+00   0.0000000e+00   0.0000000e+00   0.0000000e+00   1.0834898e-03   0.0000000e+00   0.0000000e+00   0.0000000e+00   0.0000000e+00   0.0000000e+00   0.0000000e+00   0.0000000e+00   0.0000000e+00   0.0000000e+00   0.0000000e+00   0.0000000e+00   0.0000000e+00   0.0000000e+00   0.0000000e+00   0.0000000e+00   0.0000000e+00   0.0000000e+00   0.0000000e+00   0.0000000e+00   0.0000000e+00   0.0000000e+00   0.0000000e+00   0.0000000e+00   0.0000000e+00   0.0000000e+00   0.0000000e+00   0.0000000e+00   0.0000000e+00
   4.8072243e-03   0.0000000e+00   5.7377722e-03   5.9640378e-03   0.0000000e+00   0.0000000e+00   0.0000000e+00   2.6629865e-03   8.5517220e-03   1.1001558e-02   0.0000000e+00   1.2066788e-03   7.3350323e-04   1.0344383e-03   1.5361983e-04   1.7990156e-03   0.0000000e+00   0.0000000e+00   0.0000000e+00   3.0673840e-03   0.0000000e+00   0.0000000e+00   0.0000000e+00   0.0000000e+00   0.0000000e+00   0.0000000e+00   0.0000000e+00   3.9676736e-03   0.0000000e+00   0.0000000e+00   0.0000000e+00   0.0000000e+00   0.0000000e+00   0.0000000e+00   0.0000000e+00   0.0000000e+00   0.0000000e+00   0.0000000e+00   0.0000000e+00   0.0000000e+00   0.0000000e+00   0.0000000e+00   0.0000000e+00   0.0000000e+00   0.0000000e+00   0.0000000e+00   0.0000000e+00   1.0171715e-02   0.0000000e+00   3.2143550e-03   0.0000000e+00   0.0000000e+00   0.0000000e+00   0.0000000e+00   0.0000000e+00   0.0000000e+00   1.9923269e-04   4.4092692e-04   0.0000000e+00   0.0000000e+00   0.0000000e+00   0.0000000e+00   0.0000000e+00   0.0000000e+00   0.0000000e+00   3.0897425e-03   0.0000000e+00   0.0000000e+00   0.0000000e+00   0.0000000e+00   1.0231161e-03   0.0000000e+00   0.0000000e+00   0.0000000e+00   0.0000000e+00   0.0000000e+00   0.0000000e+00   0.0000000e+00   0.0000000e+00   0.0000000e+00   0.0000000e+00   0.0000000e+00   0.0000000e+00   0.0000000e+00   0.0000000e+00   0.0000000e+00   0.0000000e+00   0.0000000e+00   0.0000000e+00   0.0000000e+00   0.0000000e+00   0.0000000e+00   0.0000000e+00   0.0000000e+00   0.0000000e+00   0.0000000e+00   0.0000000e+00   0.0000000e+00   0.0000000e+00   0.0000000e+00   0.0000000e+00   0.0000000e+00   0.0000000e+00   0.0000000e+00   0.0000000e+00   0.0000000e+00   0.0000000e+00   0.0000000e+00   0.0000000e+00   0.0000000e+00
   1.0895511e-03   0.0000000e+00   1.0484137e-03   0.0000000e+00   2.7996956e-03   7.5616068e-04   0.0000000e+00   1.0985138e-02   0.0000000e+00   4.1376038e-04   1.2066788e-03   0.0000000e+00   1.2738000e-02   0.0000000e+00   0.0000000e+00   3.1769463e-04   0.0000000e+00   2.5759669e-04   0.0000000e+00   3.0568880e-04   0.0000000e+00   0.0000000e+00   0.0000000e+00   0.0000000e+00   0.0000000e+00   0.0000000e+00   0.0000000e+00   1.5643989e-03   0.0000000e+00   5.3122666e-03   0.0000000e+00   0.0000000e+00   0.0000000e+00   0.0000000e+00   0.0000000e+00   0.0000000e+00   0.0000000e+00   0.0000000e+00   0.0000000e+00   0.0000000e+00   0.0000000e+00   3.1426171e-03   0.0000000e+00   2.1930725e-04   0.0000000e+00   0.0000000e+00   0.0000000e+00   1.2785765e-03   0.0000000e+00   0.0000000e+00   0.0000000e+00   0.0000000e+00   0.0000000e+00   0.0000000e+00   0.0000000e+00   0.0000000e+00   0.0000000e+00   8.2384060e-04   0.0000000e+00   2.0882069e-04   1.8708777e-03   7.9487873e-04   0.0000000e+00   0.0000000e+00   0.0000000e+00   0.0000000e+00   0.0000000e+00   0.0000000e+00   0.0000000e+00   0.0000000e+00   0.0000000e+00   0.0000000e+00   2.0275127e-03   9.1444866e-03   4.7562350e-04   2.5458375e-03   8.9815996e-04   1.9606153e-03   0.0000000e+00   3.0543351e-03   0.0000000e+00   9.3068958e-03   0.0000000e+00   4.4445588e-03   2.2153128e-03   3.6489537e-03   0.0000000e+00   6.7528453e-03   2.1118416e-04   4.2036546e-03   3.3162904e-04   1.7500920e-03   3.3166811e-03   1.8604762e-03   0.0000000e+00   0.0000000e+00   0.0000000e+00   0.0000000e+00   0.0000000e+00   0.0000000e+00   0.0000000e+00   0.0000000e+00   0.0000000e+00   0.0000000e+00   0.0000000e+00   0.0000000e+00   0.0000000e+00   1.1347229e-03   4.1495068e-03   0.0000000e+00
   0.0000000e+00   0.0000000e+00   1.5899306e-03   0.0000000e+00   4.7071511e-04   2.9600833e-04   0.0000000e+00   2.9647209e-03   0.0000000e+00   1.3986811e-03   7.3350323e-04   1.2738000e-02   0.0000000e+00   8.5023375e-03   2.0106985e-04   2.1792884e-03   0.0000000e+00   8.6621408e-04   0.0000000e+00   0.0000000e+00   0.0000000e+00   0.0000000e+00   0.0000000e+00   0.0000000e+00   0.0000000e+00   0.0000000e+00   0.0000000e+00   0.0000000e+00   0.0000000e+00   8.1852513e-03   0.0000000e+00   0.0000000e+00   0.0000000e+00   0.0000000e+00   0.0000000e+00   0.0000000e+00   0.0000000e+00   0.0000000e+00   0.0000000e+00   0.0000000e+00   0.0000000e+00   0.0000000e+00   0.0000000e+00   0.0000000e+00   0.0000000e+00   0.0000000e+00   0.0000000e+00   0.0000000e+00   0.0000000e+00   0.0000000e+00   0.0000000e+00   0.0000000e+00   0.0000000e+00   0.0000000e+00   0.0000000e+00   0.0000000e+00   0.0000000e+00   0.0000000e+00   0.0000000e+00   0.0000000e+00   0.0000000e+00   0.0000000e+00   0.0000000e+00   1.3366280e-03   0.0000000e+00   0.0000000e+00   0.0000000e+00   1.3740270e-03   0.0000000e+00   0.0000000e+00   0.0000000e+00   0.0000000e+00   0.0000000e+00   8.5796253e-04   0.0000000e+00   2.8488123e-04   0.0000000e+00   0.0000000e+00   0.0000000e+00   8.4426998e-03   0.0000000e+00   1.2876965e-02   0.0000000e+00   5.1670140e-03   0.0000000e+00   4.8865051e-04   0.0000000e+00   7.5771652e-04   0.0000000e+00   3.8451788e-04   0.0000000e+00   0.0000000e+00   0.0000000e+00   0.0000000e+00   0.0000000e+00   0.0000000e+00   0.0000000e+00   0.0000000e+00   0.0000000e+00   0.0000000e+00   0.0000000e+00   0.0000000e+00   0.0000000e+00   0.0000000e+00   0.0000000e+00   0.0000000e+00   0.0000000e+00   0.0000000e+00   0.0000000e+00   0.0000000e+00
   0.0000000e+00   0.0000000e+00   0.0000000e+00   0.0000000e+00   0.0000000e+00   0.0000000e+00   0.0000000e+00   5.4998028e-04   2.2307590e-03   4.3427843e-03   1.0344383e-03   0.0000000e+00   8.5023375e-03   0.0000000e+00   9.1209384e-04   0.0000000e+00   0.0000000e+00   0.0000000e+00   0.0000000e+00   0.0000000e+00   0.0000000e+00   0.0000000e+00   0.0000000e+00   0.0000000e+00   0.0000000e+00   0.0000000e+00   0.0000000e+00   0.0000000e+00   0.0000000e+00   1.2312741e-03   0.0000000e+00   0.0000000e+00   0.0000000e+00   0.0000000e+00   0.0000000e+00   0.0000000e+00   0.0000000e+00   0.0000000e+00   0.0000000e+00   0.0000000e+00   0.0000000e+00   0.0000000e+00   0.0000000e+00   0.0000000e+00   0.0000000e+00   0.0000000e+00   0.0000000e+00   0.0000000e+00   0.0000000e+00   0.0000000e+00   0.0000000e+00   0.0000000e+00   0.0000000e+00   0.0000000e+00   0.0000000e+00   0.0000000e+00   0.0000000e+00   0.0000000e+00   0.0000000e+00   0.0000000e+00   0.0000000e+00   0.0000000e+00   1.7417288e-03   0.0000000e+00   0.0000000e+00   0.0000000e+00   3.0820371e-03   4.4869519e-03   5.5837317e-04   3.2662386e-03   1.5197057e-04   5.8062157e-03   0.0000000e+00   0.0000000e+00   0.0000000e+00   0.0000000e+00   0.0000000e+00   0.0000000e+00   0.0000000e+00   3.4302792e-04   0.0000000e+00   4.8570770e-04   0.0000000e+00   0.0000000e+00   0.0000000e+00   0.0000000e+00   0.0000000e+00   7.8844215e-04   0.0000000e+00   0.0000000e+00   0.0000000e+00   0.0000000e+00   0.0000000e+00   0.0000000e+00   0.0000000e+00   0.0000000e+00   0.0000000e+00   0.0000000e+00   0.0000000e+00   0.0000000e+00   0.0000000e+00   0.0000000e+00   0.0000000e+00   0.0000000e+00   0.0000000e+00   0.0000000e+00   0.0000000e+00   0.0000000e+00   0.0000000e+00   0.0000000e+00
   0.0000000e+00   3.0744338e-04   1.0660583e-02   2.9005698e-03   5.6766436e-05   7.7136491e-05   5.4218005e-04   0.0000000e+00   1.5955244e-03   1.1349687e-03   1.5361983e-04   0.0000000e+00   2.0106985e-04   9.1209384e-04   0.0000000e+00   1.6610602e-03   5.2366480e-04   0.0000000e+00   3.3702113e-03   8.9925516e-05   8.4099554e-03   0.0000000e+00   5.2511150e-03   0.0000000e+00   7.1481090e-05   0.0000000e+00   0.0000000e+00   0.0000000e+00   2.0165316e-03   0.0000000e+00   5.6608697e-05   0.0000000e+00   0.0000000e+00   0.0000000e+00   0.0000000e+00   0.0000000e+00   0.0000000e+00   0.0000000e+00   0.0000000e+00   0.0000000e+00   0.0000000e+00   0.0000000e+00   0.0000000e+00   0.0000000e+00   0.0000000e+00   0.0000000e+00   0.0000000e+00   0.0000000e+00   0.0000000e+00   0.0000000e+00   0.0000000e+00   0.0000000e+00   0.0000000e+00   0.0000000e+00   0.0000000e+00   0.0000000e+00   6.1618536e-04   0.0000000e+00   1.0039861e-03   0.0000000e+00   0.0000000e+00   0.0000000e+00   4.5173867e-03   9.6378233e-04   0.0000000e+00   0.0000000e+00   7.7160545e-04   4.4607878e-04   4.6806683e-03   4.4773885e-03   1.2956861e-03   2.5388630e-04   0.0000000e+00   0.0000000e+00   0.0000000e+00   0.0000000e+00   0.0000000e+00   0.0000000e+00   9.7038847e-03   0.0000000e+00   1.7746995e-04   0.0000000e+00   0.0000000e+00   0.0000000e+00   0.0000000e+00   0.0000000e+00   0.0000000e+00   0.0000000e+00   0.0000000e+00   0.0000000e+00   0.0000000e+00   0.0000000e+00   3.8332230e-04   0.0000000e+00   1.4275229e-03   0.0000000e+00   0.0000000e+00   0.0000000e+00   0.0000000e+00   0.0000000e+00   6.0845228e-04   0.0000000e+00   0.0000000e+00   0.0000000e+00   0.0000000e+00   0.0000000e+00   0.0000000e+00   0.0000000e+00   1.3070786e-04   0.0000000e+00
   4.1888252e-04   0.0000000e+00   2.7312368e-04   4.9238809e-04   0.0000000e+00   0.0000000e+00   0.0000000e+00   0.0000000e+00   7.6536969e-04   1.6141062e-02   1.7990156e-03   3.1769463e-04   2.1792884e-03   0.0000000e+00   1.6610602e-03   0.0000000e+00   0.0000000e+00   4.1044292e-03   7.4333271e-05   5.3392330e-03   0.0000000e+00   6.3168499e-03   0.0000000e+00   3.0054192e-03   0.0000000e+00   2.0890262e-04   0.0000000e+00   0.0000000e+00   0.0000000e+00   3.5232964e-03   0.0000000e+00   0.0000000e+00   0.0000000e+00   0.0000000e+00   0.0000000e+00   0.0000000e+00   0.0000000e+00   3.8501891e-04   0.0000000e+00   0.0000000e+00   0.0000000e+00   0.0000000e+00   0.0000000e+00   0.0000000e+00   0.0000000e+00   0.0000000e+00   0.0000000e+00   0.0000000e+00   0.0000000e+00   0.0000000e+00   0.0000000e+00   0.0000000e+00   0.0000000e+00   0.0000000e+00   0.0000000e+00   0.0000000e+00   0.0000000e+00   6.8356121e-04   0.0000000e+00   0.0000000e+00   0.0000000e+00   0.0000000e+00   7.1123062e-04   8.6250155e-04   0.0000000e+00   0.0000000e+00   0.0000000e+00   1.0544195e-04   2.6164247e-04   1.0236595e-03   0.0000000e+00   7.6664528e-05   0.0000000e+00   0.0000000e+00   0.0000000e+00   0.0000000e+00   0.0000000e+00   0.0000000e+00   0.0000000e+00   1.0318148e-02   0.0000000e+00   6.7578876e-04   0.0000000e+00   0.0000000e+00   0.0000000e+00   0.0000000e+00   0.0000000e+00   1.3301662e-04   0.0000000e+00   0.0000000e+00   0.0000000e+00   0.0000000e+00   0.0000000e+00   0.0000000e+00   0.0000000e+00   1.1921381e-03   0.0000000e+00   0.0000000e+00   0.0000000e+00   0.0000000e+00   0.0000000e+00   1.0326853e-03   0.0000000e+00   9.8036909e-05   0.0000000e+00   0.0000000e+00   0.0000000e+00   0.0000000e+00   0.0000000e+00   0.0000000e+00
   0.0000000e+00   0.0000000e+00   6.1121290e-04   0.0000000e+00   1.5590346e-03   6.4323088e-04   0.0000000e+00   0.0000000e+00   0.0000000e+00   0.0000000e+00   0.0000000e+00   0.0000000e+00   0.0000000e+00   0.0000000e+00   5.2366480e-04   0.0000000e+00   0.0000000e+00   0.0000000e+00   1.8365517e-03   0.0000000e+00   0.0000000e+00   0.0000000e+00   2.7735728e-03   0.0000000e+00   1.2670100e-03   0.0000000e+00   7.5978743e-04   0.0000000e+00   1.5446571e-02   0.0000000e+00   0.0000000e+00   0.0000000e+00   0.0000000e+00   0.0000000e+00   0.0000000e+00   0.0000000e+00   0.0000000e+00   0.0000000e+00   1.5976829e-03   0.0000000e+00   0.0000000e+00   0.0000000e+00   0.0000000e+00   0.0000000e+00   9.0775973e-04   0.0000000e+00   1.6703601e-03   0.0000000e+00   2.5433186e-03   0.0000000e+00   0.0000000e+00   0.0000000e+00   0.0000000e+00   0.0000000e+00   4.1805680e-04   0.0000000e+00   3.2182540e-04   0.0000000e+00   1.8055384e-03   0.0000000e+00   0.0000000e+00   0.0000000e+00   0.0000000e+00   0.0000000e+00   0.0000000e+00   0.0000000e+00   0.0000000e+00   0.0000000e+00   0.0000000e+00   0.0000000e+00   3.5042455e-04   0.0000000e+00   0.0000000e+00   0.0000000e+00   0.0000000e+00   0.0000000e+00   0.0000000e+00   0.0000000e+00   1.6651048e-02   0.0000000e+00   0.0000000e+00   0.0000000e+00   0.0000000e+00   0.0000000e+00   0.0000000e+00   0.0000000e+00   0.0000000e+00   0.0000000e+00   0.0000000e+00   0.0000000e+00   0.0000000e+00   0.0000000e+00   0.0000000e+00   0.0000000e+00   1.1350346e-02   0.0000000e+00   1.5495171e-02   0.0000000e+00   2.6062643e-03   0.0000000e+00   1.3314427e-02   0.0000000e+00   9.1650753e-03   0.0000000e+00   0.0000000e+00   0.0000000e+00   0.0000000e+00   0.0000000e+00   0.0000000e+00   0.0000000e+00
   0.0000000e+00   0.0000000e+00   0.0000000e+00   0.0000000e+00   0.0000000e+00   0.0000000e+00   0.0000000e+00   0.0000000e+00   0.0000000e+00   5.5538404e-04   0.0000000e+00   2.5759669e-04   8.6621408e-04   0.0000000e+00   0.0000000e+00   4.1044292e-03   0.0000000e+00   0.0000000e+00   0.0000000e+00   1.8952956e-03   0.0000000e+00   0.0000000e+00   0.0000000e+00   8.6870822e-03   0.0000000e+00   1.9843165e-03   0.0000000e+00   7.5687174e-04   0.0000000e+00   1.2382964e-02   0.0000000e+00   4.0342570e-04   0.0000000e+00   1.7969024e-03   0.0000000e+00   0.0000000e+00   0.0000000e+00   0.0000000e+00   0.0000000e+00   0.0000000e+00   0.0000000e+00   0.0000000e+00   0.0000000e+00   0.0000000e+00   0.0000000e+00   0.0000000e+00   0.0000000e+00   1.3208834e-03   0.0000000e+00   3.3380251e-03   0.0000000e+00   0.0000000e+00   0.0000000e+00   0.0000000e+00   0.0000000e+00   0.0000000e+00   0.0000000e+00   1.2286638e-03   0.0000000e+00   0.0000000e+00   0.0000000e+00   0.0000000e+00   0.0000000e+00   0.0000000e+00   0.0000000e+00   0.0000000e+00   0.0000000e+00   0.0000000e+00   0.0000000e+00   0.0000000e+00   0.0000000e+00   0.0000000e+00   0.0000000e+00   4.0878989e-04   0.0000000e+00   1.1552780e-03   0.0000000e+00   0.0000000e+00   0.0000000e+00   2.2569867e-02   0.0000000e+00   1.1176239e-03   0.0000000e+00   0.0000000e+00   0.0000000e+00   0.0000000e+00   0.0000000e+00   3.4184415e-04   0.0000000e+00   0.0000000e+00   0.0000000e+00   0.0000000e+00   0.0000000e+00   0.0000000e+00   0.0000000e+00   2.1945130e-02   0.0000000e+00   1.6908502e-02   0.0000000e+00   6.8400096e-03   0.0000000e+00   1.5921206e-02   0.0000000e+00   5.5032909e-03   0.0000000e+00   5.9605716e-03   0.0000000e+00   0.0000000e+00   0.0000000e+00   0.0000000e+00
   0.0000000e+00   0.0000000e+00   1.1428973e-02   3.1181087e-04   0.0000000e+00   0.0000000e+00   0.0000000e+00   0.0000000e+00   0.0000000e+00   2.4762122e-04   0.0000000e+00   0.0000000e+00   0.0000000e+00   0.0000000e+00   3.3702113e-03   7.4333271e-05   1.8365517e-03   0.0000000e+00   0.0000000e+00   1.4845781e-03   1.0590654e-02   0.0000000e+00   0.0000000e+00   0.0000000e+00   0.0000000e+00   0.0000000e+00   6.7502032e-03   0.0000000e+00   0.0000000e+00   0.0000000e+00   0.0000000e+00   0.0000000e+00   0.0000000e+00   0.0000000e+00   0.0000000e+00   0.0000000e+00   0.0000000e+00   0.0000000e+00   0.0000000e+00   0.0000000e+00   0.0000000e+00   0.0000000e+00   0.0000000e+00   0.0000000e+00   0.0000000e+00   0.0000000e+00   0.0000000e+00   0.0000000e+00   0.0000000e+00   0.0000000e+00   0.0000000e+00   0.0000000e+00   0.0000000e+00   0.0000000e+00   0.0000000e+00   0.0000000e+00   0.0000000e+00   0.0000000e+00   0.0000000e+00   0.0000000e+00   0.0000000e+00   0.0000000e+00   0.0000000e+00   0.0000000e+00   1.6908591e-03   7.6262489e-05   0.0000000e+00   0.0000000e+00   6.5297759e-03   1.2322970e-03   1.9197399e-03   2.3219244e-04   0.0000000e+00   0.0000000e+00   0.0000000e+00   0.0000000e+00   0.0000000e+00   0.0000000e+00   0.0000000e+00   0.0000000e+00   0.0000000e+00   0.0000000e+00   0.0000000e+00   0.0000000e+00   0.0000000e+00   0.0000000e+00   0.0000000e+00   0.0000000e+00   0.0000000e+00   0.0000000e+00   0.0000000e+00   0.0000000e+00   0.0000000e+00   0.0000000e+00   0.0000000e+00   0.0000000e+00   0.0000000e+00   0.0000000e+00   0.0000000e+00   0.0000000e+00   0.0000000e+00   0.0000000e+00   0.0000000e+00   0.0000000e+00   0.0000000e+00   0.0000000e+00   0.0000000e+00   0.0000000e+00   0.0000000e+00   0.0000000e+00
   0.0000000e+00   0.0000000e+00   0.0000000e+00   0.0000000e+00   0.0000000e+00   0.0000000e+00   0.0000000e+00   0.0000000e+00   0.0000000e+00   1.0360410e-02   3.0673840e-03   3.0568880e-04   0.0000000e+00   0.0000000e+00   8.9925516e-05   5.3392330e-03   0.0000000e+00   1.8952956e-03   1.4845781e-03   0.0000000e+00   0.0000000e+00   1.7291596e-02   0.0000000e+00   0.0000000e+00   0.0000000e+00   0.0000000e+00   0.0000000e+00   6.7175196e-03   0.0000000e+00   0.0000000e+00   0.0000000e+00   0.0000000e+00   0.0000000e+00   0.0000000e+00   0.0000000e+00   0.0000000e+00   0.0000000e+00   0.0000000e+00   0.0000000e+00   0.0000000e+00   0.0000000e+00   0.0000000e+00   0.0000000e+00   0.0000000e+00   0.0000000e+00   0.0000000e+00   0.0000000e+00   7.2872996e-04   0.0000000e+00   2.0354622e-04   0.0000000e+00   0.0000000e+00   0.0000000e+00   0.0000000e+00   0.0000000e+00   0.0000000e+00   0.0000000e+00   1.5003447e-04   0.0000000e+00   0.0000000e+00   0.0000000e+00   0.0000000e+00   0.0000000e+00   0.0000000e+00   1.2055605e-04   3.9628285e-03   0.0000000e+00   0.0000000e+00   1.9201703e-03   4.1945471e-03   1.2447416e-04   9.6331734e-04   0.0000000e+00   0.0000000e+00   0.0000000e+00   0.0000000e+00   0.0000000e+00   0.0000000e+00   0.0000000e+00   0.0000000e+00   0.0000000e+00   0.0000000e+00   0.0000000e+00   0.0000000e+00   0.0000000e+00   0.0000000e+00   0.0000000e+00   0.0000000e+00   0.0000000e+00   0.0000000e+00   0.0000000e+00   0.0000000e+00   0.0000000e+00   0.0000000e+00   0.0000000e+00   0.0000000e+00   0.0000000e+00   0.0000000e+00   0.0000000e+00   0.0000000e+00   0.0000000e+00   0.0000000e+00   0.0000000e+00   0.0000000e+00   0.0000000e+00   0.0000000e+00   0.0000000e+00   0.0000000e+00   0.0000000e+00   0.0000000e+00
   0.0000000e+00   0.0000000e+00   0.0000000e+00   0.0000000e+00   0.0000000e+00   0.0000000e+00   0.0000000e+00   0.0000000e+00   0.0000000e+00   0.0000000e+00   0.0000000e+00   0.0000000e+00   0.0000000e+00   0.0000000e+00   8.4099554e-03   0.0000000e+00   0.0000000e+00   0.0000000e+00   1.0590654e-02   0.0000000e+00   0.0000000e+00   0.0000000e+00   4.6150872e-03   0.0000000e+00   8.1637456e-03   0.0000000e+00   1.5949947e-02   0.0000000e+00   0.0000000e+00   0.0000000e+00   0.0000000e+00   0.0000000e+00   0.0000000e+00   0.0000000e+00   0.0000000e+00   0.0000000e+00   0.0000000e+00   0.0000000e+00   0.0000000e+00   0.0000000e+00   0.0000000e+00   0.0000000e+00   0.0000000e+00   0.0000000e+00   0.0000000e+00   0.0000000e+00   0.0000000e+00   0.0000000e+00   1.4522659e-04   0.0000000e+00   0.0000000e+00   0.0000000e+00   4.0609112e-04   0.0000000e+00   2.0880208e-04   0.0000000e+00   0.0000000e+00   0.0000000e+00   0.0000000e+00   0.0000000e+00   0.0000000e+00   0.0000000e+00   0.0000000e+00   0.0000000e+00   0.0000000e+00   0.0000000e+00   0.0000000e+00   0.0000000e+00   0.0000000e+00   0.0000000e+00   0.0000000e+00   0.0000000e+00   0.0000000e+00   0.0000000e+00   0.0000000e+00   0.0000000e+00   0.0000000e+00   0.0000000e+00   0.0000000e+00   0.0000000e+00   0.0000000e+00   0.0000000e+00   0.0000000e+00   0.0000000e+00   0.0000000e+00   0.0000000e+00   0.0000000e+00   0.0000000e+00   0.0000000e+00   0.0000000e+00   0.0000000e+00   0.0000000e+00   0.0000000e+00   0.0000000e+00   0.0000000e+00   0.0000000e+00   0.0000000e+00   0.0000000e+00   0.0000000e+00   0.0000000e+00   0.0000000e+00   0.0000000e+00   0.0000000e+00   0.0000000e+00   0.0000000e+00   0.0000000e+00   0.0000000e+00   0.0000000e+00   0.0000000e+00   0.0000000e+00
   0.0000000e+00   0.0000000e+00   0.0000000e+00   0.0000000e+00   0.0000000e+00   0.0000000e+00   0.0000000e+00   0.0000000e+00   0.0000000e+00   0.0000000e+00   0.0000000e+00   0.0000000e+00   0.0000000e+00   0.0000000e+00   0.0000000e+00   6.3168499e-03   0.0000000e+00   0.0000000e+00   0.0000000e+00   1.7291596e-02   0.0000000e+00   0.0000000e+00   0.0000000e+00   3.2563597e-03   0.0000000e+00   7.0973400e-03   0.0000000e+00   1.1912917e-02   0.0000000e+00   0.0000000e+00   0.0000000e+00   0.0000000e+00   0.0000000e+00   0.0000000e+00   0.0000000e+00   0.0000000e+00   0.0000000e+00   0.0000000e+00   0.0000000e+00   0.0000000e+00   0.0000000e+00   0.0000000e+00   0.0000000e+00   0.0000000e+00   0.0000000e+00   0.0000000e+00   0.0000000e+00   0.0000000e+00   0.0000000e+00   0.0000000e+00   0.0000000e+00   0.0000000e+00   0.0000000e+00   0.0000000e+00   0.0000000e+00   1.7234737e-03   0.0000000e+00   4.0972956e-04   0.0000000e+00   0.0000000e+00   0.0000000e+00   0.0000000e+00   0.0000000e+00   0.0000000e+00   0.0000000e+00   0.0000000e+00   0.0000000e+00   0.0000000e+00   0.0000000e+00   0.0000000e+00   0.0000000e+00   0.0000000e+00   0.0000000e+00   0.0000000e+00   0.0000000e+00   0.0000000e+00   0.0000000e+00   0.0000000e+00   0.0000000e+00   0.0000000e+00   0.0000000e+00   0.0000000e+00   0.0000000e+00   0.0000000e+00   0.0000000e+00   0.0000000e+00   0.0000000e+00   0.0000000e+00   0.0000000e+00   0.0000000e+00   0.0000000e+00   0.0000000e+00   0.0000000e+00   0.0000000e+00   0.0000000e+00   0.0000000e+00   0.0000000e+00   0.0000000e+00   0.0000000e+00   0.0000000e+00   0.0000000e+00   0.0000000e+00   0.0000000e+00   0.0000000e+00   0.0000000e+00   0.0000000e+00   0.0000000e+00   0.0000000e+00   0.0000000e+00   0.0000000e+00
