   0.0000000e+00   7.2456731e-03   1.5469943e-03   1.0717053e-02   4.7400978e-03   1.6559949e-03   0.0000000e+00   9.4103639e-03   0.0000000e+00   2.5015078e-03   6.0721851e-03   2.0766673e-03   3.2058515e-04   0.0000000e+00   5.9783553e-03   1.0785281e-03   0.0000000e+00   0.0000000e+00   1.2836466e-02   0.0000000e+00   3.5657111e-04   0.0000000e+00   5.6560567e-04   0.0000000e+00   0.0000000e+00   0.0000000e+00   6.2432514e-03   0.0000000e+00   1.1007173e-03   0.0000000e+00   0.0000000e+00   0.0000000e+00   0.0000000e+00   0.0000000e+00   0.0000000e+00   0.0000000e+00   0.0000000e+00   0.0000000e+00   0.0000000e+00   0.0000000e+00   5.1305900e-03   0.0000000e+00   1.1243026e-03   0.0000000e+00   0.0000000e+00   0.0000000e+00   5.9275023e-03   0.0000000e+00   5.5950789e-04   0.0000000e+00   0.0000000e+00   0.0000000e+00   0.0000000e+00   0.0000000e+00   0.0000000e+00   0.0000000e+00   0.0000000e+00   2.9859508e-04   0.0000000e+00   0.0000000e+00   3.3218060e-04   0.0000000e+00   0.0000000e+00   0.0000000e+00   1.9829844e-03   0.0000000e+00   0.0000000e+00   0.0000000e+00   0.0000000e+00   0.0000000e+00   3.5983196e-04   0.0000000e+00   6.5114165e-04   0.0000000e+00   1.0945453e-03   4.6786514e-04   0.0000000e+00   9.6832855e-04   0.0000000e+00   0.0000000e+00   6.4176061e-03   0.0000000e+00   3.5133237e-04   0.0000000e+00   4.1040241e-04   0.0000000e+00   1.5622663e-02   0.0000000e+00   4.1801834e-03   0.0000000e+00   0.0000000e+00   0.0000000e+00   0.0000000e+00   0.0000000e+00   0.0000000e+00   0.0000000e+00   0.0000000e+00   0.0000000e+00   0.0000000e+00   0.0000000e+00   0.0000000e+00   0.0000000e+00   0.0000000e+00   0.0000000e+00   0.0000000e+00   0.0000000e+00   0.0000000e+00   0.0000000e+00   0.0000000e+00   0.0000000e+00
   7.2456731e-03   0.0000000e+00   7.8810137e-04   4.3762647e-03   0.0000000e+00   0.0000000e+00   2.9475468e-03   4.0310063e-04   0.0000000e+00   0.0000000e+00   0.0000000e+00   0.0000000e+00   0.0000000e+00   0.0000000e+00   3.4164480e-04   1.6368185e-04   0.0000000e+00   0.0000000e+00   0.0000000e+00   0.0000000e+00   0.0000000e+00   0.0000000e+00   0.0000000e+00   0.0000000e+00   0.0000000e+00   0.0000000e+00   1.5204206e-04   0.0000000e+00   0.0000000e+00   0.0000000e+00   0.0000000e+00   0.0000000e+00   0.0000000e+00   0.0000000e+00   0.0000000e+00   0.0000000e+00   0.0000000e+00   0.0000000e+00   0.0000000e+00   0.0000000e+00   0.0000000e+00   0.0000000e+00   0.0000000e+00   0.0000000e+00   0.0000000e+00   0.0000000e+00   1.3961453e-04   0.0000000e+00   0.0000000e+00   0.0000000e+00   0.0000000e+00   0.0000000e+00   0.0000000e+00   0.0000000e+00   0.0000000e+00   0.0000000e+00   0.0000000e+00   0.0000000e+00   0.0000000e+00   0.0000000e+00   0.0000000e+00   0.0000000e+00   1.2256428e-03   0.0000000e+00   0.0000000e+00   0.0000000e+00   4.5351496e-04   0.0000000e+00   4.9553875e-04   0.0000000e+00   0.0000000e+00   0.0000000e+00   0.0000000e+00   0.0000000e+00   0.0000000e+00   0.0000000e+00   0.0000000e+00   0.0000000e+00   0.0000000e+00   0.0000000e+00   0.0000000e+00   0.0000000e+00   0.0000000e+00   0.0000000e+00   0.0000000e+00   0.0000000e+00   3.3161675e-04   0.0000000e+00   0.0000000e+00   0.0000000e+00   0.0000000e+00   0.0000000e+00   0.0000000e+00   0.0000000e+00   0.0000000e+00   0.0000000e+00   0.0000000e+00   0.0000000e+00   0.0000000e+00   0.0000000e+00   0.0000000e+00   0.0000000e+00   0.0000000e+00   0.0000000e+00   0.0000000e+00   0.0000000e+00   0.0000000e+00   0.0000000e+00   0.0000000e+00   0.0000000e+00
   1.5469943e-03   7.8810137e-04   0.0000000e+00   2.0569919e-03   5.4500862e-04   1.0159438e-03   4.2566139e-03   1.0540876e-03   0.0000000e+00   4.2825899e-03   6.2896790e-03   0.0000000e+00   0.0000000e+00   0.0000000e+00   3.0996520e-02   0.0000000e+00   7.6820826e-04   0.0000000e+00   1.7667340e-02   0.0000000e+00   6.1833949e-04   0.0000000e+00   1.1104577e-02   0.0000000e+00   4.5370868e-03   0.0000000e+00   2.5733760e-03   0.0000000e+00   4.4832271e-04   0.0000000e+00   0.0000000e+00   0.0000000e+00   3.9229869e-04   0.0000000e+00   1.2123531e-03   0.0000000e+00   1.5782060e-03   0.0000000e+00   0.0000000e+00   0.0000000e+00   0.0000000e+00   0.0000000e+00   6.7671830e-04   0.0000000e+00   0.0000000e+00   0.0000000e+00   3.3150091e-03   0.0000000e+00   1.2438312e-03   0.0000000e+00   0.0000000e+00   0.0000000e+00   0.0000000e+00   0.0000000e+00   0.0000000e+00   0.0000000e+00   9.5225382e-04   0.0000000e+00   0.0000000e+00   0.0000000e+00   0.0000000e+00   0.0000000e+00   1.6770156e-03   0.0000000e+00   0.0000000e+00   0.0000000e+00   3.9564547e-04   0.0000000e+00   8.5185390e-04   0.0000000e+00   9.8729664e-04   0.0000000e+00   0.0000000e+00   0.0000000e+00   0.0000000e+00   4.0170531e-04   0.0000000e+00   5.5120336e-04   2.9013405e-03   0.0000000e+00   6.0177406e-04   0.0000000e+00   5.8853554e-04   0.0000000e+00   0.0000000e+00   0.0000000e+00   6.7814945e-04   0.0000000e+00   0.0000000e+00   0.0000000e+00   0.0000000e+00   0.0000000e+00   0.0000000e+00   0.0000000e+00   2.9321933e-03   0.0000000e+00   0.0000000e+00   0.0000000e+00   0.0000000e+00   0.0000000e+00   0.0000000e+00   0.0000000e+00   0.0000000e+00   0.0000000e+00   0.0000000e+00   0.0000000e+00   0.0000000e+00   0.0000000e+00   2.6643978e-04   0.0000000e+00
   1.0717053e-02   4.3762647e-03   2.0569919e-03   0.0000000e+00   6.1075646e-04   1.7606075e-03   3.3599988e-03   2.8605882e-03   5.0613032e-04   7.4040813e-03   1.3526705e-02   0.0000000e+00   0.0000000e+00   0.0000000e+00   8.5008970e-03   3.7502358e-04   0.0000000e+00   0.0000000e+00   6.8242992e-03   0.0000000e+00   0.0000000e+00   0.0000000e+00   0.0000000e+00   0.0000000e+00   0.0000000e+00   0.0000000e+00   1.7322369e-04   0.0000000e+00   2.2518645e-04   0.0000000e+00   0.0000000e+00   0.0000000e+00   0.0000000e+00   0.0000000e+00   0.0000000e+00   0.0000000e+00   0.0000000e+00   0.0000000e+00   0.0000000e+00   0.0000000e+00   4.9577578e-04   0.0000000e+00   0.0000000e+00   0.0000000e+00   0.0000000e+00   0.0000000e+00   0.0000000e+00   0.0000000e+00   6.9581154e-04   0.0000000e+00   0.0000000e+00   0.0000000e+00   0.0000000e+00   0.0000000e+00   0.0000000e+00   0.0000000e+00   5.5476903e-04   0.0000000e+00   0.0000000e+00   0.0000000e+00   0.0000000e+00   0.0000000e+00   0.0000000e+00   0.0000000e+00   0.0000000e+00   0.0000000e+00   0.0000000e+00   0.0000000e+00   0.0000000e+00   0.0000000e+00   0.0000000e+00   0.0000000e+00   0.0000000e+00   0.0000000e+00   0.0000000e+00   0.0000000e+00   0.0000000e+00   0.0000000e+00   0.0000000e+00   0.0000000e+00   0.0000000e+00   0.0000000e+00   0.0000000e+00   0.0000000e+00   0.0000000e+00   0.0000000e+00   0.0000000e+00   0.0000000e+00   0.0000000e+00   0.0000000e+00   0.0000000e+00   0.0000000e+00   0.0000000e+00   0.0000000e+00   0.0000000e+00   0.0000000e+00   0.0000000e+00   0.0000000e+00   0.0000000e+00   0.0000000e+00   0.0000000e+00   0.0000000e+00   0.0000000e+00   0.0000000e+00   0.0000000e+00   0.0000000e+00   0.0000000e+00   0.0000000e+00   0.0000000e+00   0.0000000e+00
   4.7400978e-03   0.0000000e+00   5.4500862e-04   6.1075646e-04   0.0000000e+00   8.7459906e-03   0.0000000e+00   2.4417640e-03   0.0000000e+00   0.0000000e+00   0.0000000e+00   2.0271825e-03   0.0000000e+00   0.0000000e+00   0.0000000e+00   0.0000000e+00   0.0000000e+00   0.0000000e+00   0.0000000e+00   0.0000000e+00   0.0000000e+00   0.0000000e+00   0.0000000e+00   0.0000000e+00   0.0000000e+00   0.0000000e+00   3.5424614e-04   0.0000000e+00   3.1930926e-03   0.0000000e+00   0.0000000e+00   0.0000000e+00   0.0000000e+00   0.0000000e+00   0.0000000e+00   0.0000000e+00   0.0000000e+00   0.0000000e+00   0.0000000e+00   0.0000000e+00   1.7767775e-03   0.0000000e+00   0.0000000e+00   0.0000000e+00   0.0000000e+00   0.0000000e+00   3.5805562e-04   0.0000000e+00   2.8513762e-04   0.0000000e+00   0.0000000e+00   0.0000000e+00   0.0000000e+00   0.0000000e+00   0.0000000e+00   0.0000000e+00   3.0065729e-04   0.0000000e+00   0.0000000e+00   0.0000000e+00   1.3378176e-03   4.6383688e-04   0.0000000e+00   0.0000000e+00   0.0000000e+00   0.0000000e+00   0.0000000e+00   0.0000000e+00   1.4675291e-03   0.0000000e+00   1.4533411e-03   0.0000000e+00   1.5066881e-03   0.0000000e+00   2.1661951e-03   4.8211536e-04   2.9068343e-03   0.0000000e+00   5.4998162e-04   4.8405590e-04   2.1668246e-02   0.0000000e+00   1.0060315e-02   0.0000000e+00   3.2753210e-03   0.0000000e+00   9.0184862e-03   0.0000000e+00   8.4705415e-03   0.0000000e+00   1.4084433e-03   0.0000000e+00   5.7625076e-04   0.0000000e+00   0.0000000e+00   0.0000000e+00   0.0000000e+00   0.0000000e+00   0.0000000e+00   0.0000000e+00   0.0000000e+00   0.0000000e+00   0.0000000e+00   0.0000000e+00   0.0000000e+00   0.0000000e+00   0.0000000e+00   0.0000000e+00   6.3996276e-04   0.0000000e+00
   1.6559949e-03   0.0000000e+00   1.0159438e-03   1.7606075e-03   8.7459906e-03   0.0000000e+00   8.6715982e-04   0.0000000e+00   0.0000000e+00   0.0000000e+00   0.0000000e+00   0.0000000e+00   0.0000000e+00   0.0000000e+00   4.5067952e-04   0.0000000e+00   5.1043459e-04   0.0000000e+00   0.0000000e+00   0.0000000e+00   0.0000000e+00   0.0000000e+00   0.0000000e+00   0.0000000e+00   0.0000000e+00   0.0000000e+00   0.0000000e+00   0.0000000e+00   5.4173898e-03   0.0000000e+00   0.0000000e+00   0.0000000e+00   0.0000000e+00   0.0000000e+00   0.0000000e+00   0.0000000e+00   0.0000000e+00   0.0000000e+00   0.0000000e+00   0.0000000e+00   0.0000000e+00   0.0000000e+00   0.0000000e+00   0.0000000e+00   0.0000000e+00   0.0000000e+00   0.0000000e+00   0.0000000e+00   0.0000000e+00   0.0000000e+00   0.0000000e+00   0.0000000e+00   0.0000000e+00   0.0000000e+00   0.0000000e+00   0.0000000e+00   0.0000000e+00   0.0000000e+00   0.0000000e+00   0.0000000e+00   0.0000000e+00   0.0000000e+00   0.0000000e+00   0.0000000e+00   0.0000000e+00   0.0000000e+00   0.0000000e+00   0.0000000e+00   0.0000000e+00   0.0000000e+00   0.0000000e+00   0.0000000e+00   6.5863397e-04   0.0000000e+00   3.1661052e-04   0.0000000e+00   0.0000000e+00   0.0000000e+00   3.3485193e-03   0.0000000e+00   8.5390909e-03   0.0000000e+00   0.0000000e+00   0.0000000e+00   5.5607530e-04   0.0000000e+00   1.9724849e-03   0.0000000e+00   0.0000000e+00   0.0000000e+00   0.0000000e+00   0.0000000e+00   0.0000000e+00   0.0000000e+00   0.0000000e+00   0.0000000e+00   0.0000000e+00   0.0000000e+00   0.0000000e+00   0.0000000e+00   0.0000000e+00   0.0000000e+00   0.0000000e+00   0.0000000e+00   0.0000000e+00   0.0000000e+00   0.0000000e+00   0.0000000e+00   0.0000000e+00   0.0000000e+00
   0.0000000e+00   2.9475468e-03   4.2566139e-03   3.3599988e-03   0.0000000e+00   8.6715982e-04   0.0000000e+00   0.0000000e+00   0.0000000e+00   0.0000000e+00   0.0000000e+00   0.0000000e+00   0.0000000e+00   0.0000000e+00   3.6545503e-04   0.0000000e+00   0.0000000e+00   0.0000000e+00   0.0000000e+00   0.0000000e+00   0.0000000e+00   0.0000000e+00   0.0000000e+00   0.0000000e+00   0.0000000e+00   0.0000000e+00   0.0000000e+00   0.0000000e+00   0.0000000e+00   0.0000000e+00   0.0000000e+00   0.0000000e+00   0.0000000e+00   0.0000000e+00   0.0000000e+00   0.0000000e+00   0.0000000e+00   0.0000000e+00   0.0000000e+00   0.0000000e+00   0.0000000e+00   0.0000000e+00   0.0000000e+00   0.0000000e+00   0.0000000e+00   0.0000000e+00   0.0000000e+00   0.0000000e+00   0.0000000e+00   0.0000000e+00   0.0000000e+00   0.0000000e+00   0.0000000e+00   0.0000000e+00   0.0000000e+00   0.0000000e+00   0.0000000e+00   0.0000000e+00   0.0000000e+00   0.0000000e+00   0.0000000e+00   0.0000000e+00   2.3912238e-03   9.5726786e-04   0.0000000e+00   0.0000000e+00   2.7883464e-03   0.0000000e+00   6.4149604e-03   0.0000000e+00   1.0756430e-02   7.7503331e-04   0.0000000e+00   0.0000000e+00   0.0000000e+00   0.0000000e+00   0.0000000e+00   0.0000000e+00   9.6412314e-04   0.0000000e+00   4.5663495e-04   0.0000000e+00   0.0000000e+00   0.0000000e+00   0.0000000e+00   0.0000000e+00   0.0000000e+00   0.0000000e+00   0.0000000e+00   0.0000000e+00   0.0000000e+00   0.0000000e+00   0.0000000e+00   0.0000000e+00   0.0000000e+00   0.0000000e+00   0.0000000e+00   0.0000000e+00   0.0000000e+00   0.0000000e+00   0.0000000e+00   0.0000000e+00   0.0000000e+00   0.0000000e+00   0.0000000e+00   0.0000000e+00   0.0000000e+00   0.0000000e+00   0.0000000e+00   0.0000000e+00
   9.4103639e-03   4.0310063e-04   1.0540876e-03   2.8605882e-03   2.4417640e-03   0.0000000e+00   0.0000000e+00   0.0000000e+00   4.7930841e-03   9.7320827e-03   4.4793304e-03   1.6993466e-02   4.4179285e-03   0.0000000e+00   1.3274431e-04   6.1050123e-03   0.0000000e+00   0.0000000e+00   2.9225415e-03   1.5764964e-02   0.0000000e+00   0.0000000e+00   0.0000000e+00   1.1597055e-03   0.0000000e+00   0.0000000e+00   1.7620971e-04   4.4243935e-03   0.0000000e+00   1.1593717e-02   0.0000000e+00   0.0000000e+00   0.0000000e+00   0.0000000e+00   0.0000000e+00   0.0000000e+00   0.0000000e+00   0.0000000e+00   0.0000000e+00   0.0000000e+00   0.0000000e+00   4.8067253e-03   0.0000000e+00   1.0120215e-03   0.0000000e+00   0.0000000e+00   0.0000000e+00   2.3394225e-03   0.0000000e+00   0.0000000e+00   0.0000000e+00   0.0000000e+00   0.0000000e+00   0.0000000e+00   0.0000000e+00   0.0000000e+00   0.0000000e+00   3.8163868e-04   0.0000000e+00   0.0000000e+00   0.0000000e+00   4.4344301e-04   0.0000000e+00   0.0000000e+00   2.9247920e-03   5.3466765e-03   0.0000000e+00   2.2394447e-04   0.0000000e+00   0.0000000e+00   2.4273543e-04   2.7690571e-03   8.7553602e-05   1.1903414e-03   0.0000000e+00   2.2493215e-03   0.0000000e+00   3.6221417e-04   0.0000000e+00   9.2513046e-04   0.0000000e+00   5.4868621e-03   0.0000000e+00   5.0178521e-04   0.0000000e+00   9.3528519e-04   0.0000000e+00   1.9470983e-02   0.0000000e+00   1.8085818e-03   0.0000000e+00   0.0000000e+00   0.0000000e+00   0.0000000e+00   0.0000000e+00   1.3535579e-03   0.0000000e+00   0.0000000e+00   0.0000000e+00   0.0000000e+00   0.0000000e+00   0.0000000e+00   0.0000000e+00   0.0000000e+00   0.0000000e+00   0.0000000e+00   0.0000000e+00   0.0000000e+00   0.0000000e+00   0.0000000e+00
   0.0000000e+00   0.0000000e+00   0.0000000e+00   5.0613032e-04   0.0000000e+00   0.0000000e+00   0.0000000e+00   4.7930841e-03   0.0000000e+00   1.3140582e-03   1.0528420e-02   5.9463505e-04   0.0000000e+00   1.2304346e-03   0.0000000e+00   2.4613097e-03   0.0000000e+00   0.0000000e+00   0.0000000e+00   0.0000000e+00   0.0000000e+00   0.0000000e+00   0.0000000e+00   0.0000000e+00   0.0000000e+00   0.0000000e+00   0.0000000e+00   0.0000000e+00   0.0000000e+00   2.7817613e-04   0.0000000e+00   0.0000000e+00   0.0000000e+00   0.0000000e+00   0.0000000e+00   0.0000000e+00   0.0000000e+00   0.0000000e+00   0.0000000e+00   0.0000000e+00   0.0000000e+00   0.0000000e+00   0.0000000e+00   0.0000000e+00   0.0000000e+00   0.0000000e+00   0.0000000e+00   0.0000000e+00   0.0000000e+00   0.0000000e+00   0.0000000e+00   0.0000000e+00   0.0000000e+00   0.0000000e+00   0.0000000e+00   0.0000000e+00   0.0000000e+00   0.0000000e+00   0.0000000e+00   0.0000000e+00   0.0000000e+00   0.0000000e+00   0.0000000e+00   1.3257346e-03   0.0000000e+00   0.0000000e+00   0.0000000e+00   0.0000000e+00   0.0000000e+00   0.0000000e+00   0.0000000e+00   0.0000000e+00   1.9726980e-04   0.0000000e+00   0.0000000e+00   0.0000000e+00   0.0000000e+00   0.0000000e+00   0.0000000e+00   0.0000000e+00   0.0000000e+00   0.0000000e+00   0.0000000e+00   0.0000000e+00   0.0000000e+00   0.0000000e+00   0.0000000e+00   0.0000000e+00   0.0000000e+00   0.0000000e+00   0.0000000e+00   0.0000000e+00   0.0000000e+00   0.0000000e+00   0.0000000e+00   0.0000000e+00   0.0000000e+00   0.0000000e+00   0.0000000e+00   0.0000000e+00   0.0000000e+00   0.0000000e+00   0.0000000e+00   0.0000000e+00   0.0000000e+00   0.0000000e+00   0.0000000e+00   0.0000000e+00   0.0000000e+00   0.0000000e+00
   2.5015078e-03   0.0000000e+00   4.2825899e-03   7.4040813e-03   0.0000000e+00   0.0000000e+00   0.0000000e+00   9.7320827e-03   1.3140582e-03   0.0000000e+00   5.2102950e-03   9.7017993e-04   1.3490970e-03   5.4127770e-03   4.7107733e-04   1.6865442e-02   0.0000000e+00   2.6439616e-03   0.0000000e+00   1.2460569e-02   0.0000000e+00   3.0803699e-03   0.0000000e+00   2.9642895e-03   0.0000000e+00   0.0000000e+00   0.0000000e+00   5.2683179e-03   0.0000000e+00   3.6214769e-03   0.0000000e+00   0.0000000e+00   0.0000000e+00   1.0502553e-03   0.0000000e+00   0.0000000e+00   0.0000000e+00   4.0293253e-03   0.0000000e+00   7.5990695e-04   0.0000000e+00   0.0000000e+00   0.0000000e+00   0.0000000e+00   0.0000000e+00   0.0000000e+00   0.0000000e+00   5.1462238e-03   0.0000000e+00   3.9778243e-04   0.0000000e+00   0.0000000e+00   0.0000000e+00   1.8918760e-03   0.0000000e+00   0.0000000e+00   0.0000000e+00   2.2893260e-03   0.0000000e+00   0.0000000e+00   0.0000000e+00   0.0000000e+00   0.0000000e+00   3.7318391e-03   0.0000000e+00   9.4117290e-04   0.0000000e+00   1.8820376e-03   0.0000000e+00   0.0000000e+00   0.0000000e+00   0.0000000e+00   2.1266934e-04   0.0000000e+00   0.0000000e+00   9.5232210e-04   0.0000000e+00   0.0000000e+00   0.0000000e+00   1.7686382e-03   0.0000000e+00   1.7303315e-03   0.0000000e+00   1.2028791e-03   0.0000000e+00   0.0000000e+00   0.0000000e+00   8.2678302e-04   0.0000000e+00   0.0000000e+00   0.0000000e+00   0.0000000e+00   0.0000000e+00   0.0000000e+00   0.0000000e+00   2.9190981e-03   0.0000000e+00   1.2571723e-03   0.0000000e+00   0.0000000e+00   0.0000000e+00   0.0000000e+00   0.0000000e+00   0.0000000e+00   0.0000000e+00   0.0000000e+00   0.0000000e+00   0.0000000e+00   0.0000000e+00   4.5140502e-04
   6.0721851e-03   0.0000000e+00   6.2896790e-03   1.3526705e-02   0.0000000e+00   0.0000000e+00   0.0000000e+00   4.4793304e-03   1.0528420e-02   5.2102950e-03   0.0000000e+00   0.0000000e+00   0.0000000e+00   1.5991471e-03   2.4669349e-04   4.7902211e-03   0.0000000e+00   0.0000000e+00   0.0000000e+00   7.6885734e-03   0.0000000e+00   4.1806438e-04   0.0000000e+00   0.0000000e+00   0.0000000e+00   0.0000000e+00   0.0000000e+00   3.3061381e-03   0.0000000e+00   0.0000000e+00   0.0000000e+00   0.0000000e+00   0.0000000e+00   0.0000000e+00   0.0000000e+00   0.0000000e+00   0.0000000e+00   0.0000000e+00   0.0000000e+00   0.0000000e+00   0.0000000e+00   0.0000000e+00   0.0000000e+00   0.0000000e+00   0.0000000e+00   0.0000000e+00   0.0000000e+00   1.9430156e-03   0.0000000e+00   0.0000000e+00   0.0000000e+00   0.0000000e+00   0.0000000e+00   0.0000000e+00   0.0000000e+00   0.0000000e+00   0.0000000e+00   9.2982234e-04   0.0000000e+00   0.0000000e+00   0.0000000e+00   0.0000000e+00   0.0000000e+00   0.0000000e+00   0.0000000e+00   7.0638185e-04   0.0000000e+00   0.0000000e+00   0.0000000e+00   0.0000000e+00   0.0000000e+00   0.0000000e+00   0.0000000e+00   0.0000000e+00   0.0000000e+00   1.1022415e-03   0.0000000e+00   0.0000000e+00   0.0000000e+00   0.0000000e+00   0.0000000e+00   0.0000000e+00   0.0000000e+00   0.0000000e+00   0.0000000e+00   0.0000000e+00   0.0000000e+00   0.0000000e+00   0.0000000e+00   0.0000000e+00   0.0000000e+00   0.0000000e+00   0.0000000e+00   0.0000000e+00   0.0000000e+00   0.0000000e+00   0.0000000e+00   0.0000000e+00   0.0000000e+00   0.0000000e+00   0.0000000e+00   0.0000000e+00   0.0000000e+00   0.0000000e+00   0.0000000e+00   0.0000000e+00   0.0000000e+00   0.0000000e+00   0.0000000e+00   0.0000000e+00
   2.0766673e-03   0.0000000e+00   0.0000000e+00   0.0000000e+00   2.0271825e-03   0.0000000e+00   0.0000000e+00   1.6993466e-02   5.9463505e-04   9.7017993e-04   0.0000000e+00   0.0000000e+00   1.0665178e-02   0.0000000e+00   0.0000000e+00   2.3901788e-04   0.0000000e+00   0.0000000e+00   0.0000000e+00   0.0000000e+00   0.0000000e+00   0.0000000e+00   0.0000000e+00   6.1858367e-04   0.0000000e+00   0.0000000e+00   0.0000000e+00   6.1246736e-04   0.0000000e+00   8.5731609e-03   0.0000000e+00   0.0000000e+00   0.0000000e+00   0.0000000e+00   0.0000000e+00   0.0000000e+00   0.0000000e+00   0.0000000e+00   0.0000000e+00   0.0000000e+00   0.0000000e+00   3.1302580e-03   0.0000000e+00   4.8447982e-04   0.0000000e+00   0.0000000e+00   0.0000000e+00   6.9538263e-04   0.0000000e+00   0.0000000e+00   0.0000000e+00   0.0000000e+00   0.0000000e+00   0.0000000e+00   0.0000000e+00   0.0000000e+00   0.0000000e+00   0.0000000e+00   0.0000000e+00   0.0000000e+00   0.0000000e+00   3.6919819e-03   0.0000000e+00   0.0000000e+00   0.0000000e+00   0.0000000e+00   8.8297731e-04   1.3363314e-03   0.0000000e+00   0.0000000e+00   0.0000000e+00   0.0000000e+00   0.0000000e+00   6.3484713e-03   0.0000000e+00   5.3858250e-03   0.0000000e+00   1.1987957e-03   0.0000000e+00   1.4799386e-03   4.6630648e-04   1.1943302e-02   0.0000000e+00   9.1102739e-03   2.0518014e-04   4.9621227e-03   5.4446159e-04   8.3328547e-03   0.0000000e+00   3.6931548e-03   0.0000000e+00   4.0816799e-04   0.0000000e+00   0.0000000e+00   0.0000000e+00   8.0463902e-04   0.0000000e+00   0.0000000e+00   0.0000000e+00   0.0000000e+00   0.0000000e+00   0.0000000e+00   0.0000000e+00   0.0000000e+00   0.0000000e+00   0.0000000e+00   0.0000000e+00   1.0231105e-03   0.0000000e+00   2.8127920e-04
   3.2058515e-04   0.0000000e+00   0.0000000e+00   0.0000000e+00   0.0000000e+00   0.0000000e+00   0.0000000e+00   4.4179285e-03   0.0000000e+00   1.3490970e-03   0.0000000e+00   1.0665178e-02   0.0000000e+00   3.7478217e-03   9.0733201e-05   2.9207767e-04   0.0000000e+00   3.9830532e-04   0.0000000e+00   0.0000000e+00   0.0000000e+00   0.0000000e+00   0.0000000e+00   0.0000000e+00   0.0000000e+00   0.0000000e+00   0.0000000e+00   0.0000000e+00   0.0000000e+00   5.7107095e-03   0.0000000e+00   0.0000000e+00   0.0000000e+00   0.0000000e+00   0.0000000e+00   0.0000000e+00   0.0000000e+00   0.0000000e+00   0.0000000e+00   0.0000000e+00   0.0000000e+00   0.0000000e+00   0.0000000e+00   0.0000000e+00   0.0000000e+00   0.0000000e+00   0.0000000e+00   0.0000000e+00   0.0000000e+00   0.0000000e+00   0.0000000e+00   0.0000000e+00   0.0000000e+00   0.0000000e+00   0.0000000e+00   0.0000000e+00   0.0000000e+00   0.0000000e+00   0.0000000e+00   0.0000000e+00   0.0000000e+00   0.0000000e+00   0.0000000e+00   0.0000000e+00   0.0000000e+00   0.0000000e+00   6.8161952e-04   3.0000069e-03   0.0000000e+00   0.0000000e+00   0.0000000e+00   0.0000000e+00   0.0000000e+00   1.1855842e-03   0.0000000e+00   2.5877919e-04   0.0000000e+00   0.0000000e+00   0.0000000e+00   5.4021871e-03   0.0000000e+00   1.2638537e-02   0.0000000e+00   1.6790617e-03   0.0000000e+00   6.1030729e-04   0.0000000e+00   0.0000000e+00   0.0000000e+00   0.0000000e+00   0.0000000e+00   0.0000000e+00   0.0000000e+00   0.0000000e+00   0.0000000e+00   0.0000000e+00   0.0000000e+00   0.0000000e+00   0.0000000e+00   0.0000000e+00   0.0000000e+00   0.0000000e+00   0.0000000e+00   0.0000000e+00   0.0000000e+00   0.0000000e+00   0.0000000e+00   0.0000000e+00   0.0000000e+00   0.0000000e+00
   0.0000000e+00   0.0000000e+00   0.0000000e+00   0.0000000e+00   0.0000000e+00   0.0000000e+00   0.0000000e+00   0.0000000e+00   1.2304346e-03   5.4127770e-03   1.5991471e-03   0.0000000e+00   3.7478217e-03   0.0000000e+00   4.7437013e-04   1.3985472e-03   0.0000000e+00   4.9465509e-04   0.0000000e+00   0.0000000e+00   0.0000000e+00   0.0000000e+00   0.0000000e+00   0.0000000e+00   0.0000000e+00   0.0000000e+00   0.0000000e+00   0.0000000e+00   0.0000000e+00   9.5653491e-04   0.0000000e+00   0.0000000e+00   0.0000000e+00   0.0000000e+00   0.0000000e+00   0.0000000e+00   0.0000000e+00   0.0000000e+00   0.0000000e+00   0.0000000e+00   0.0000000e+00   0.0000000e+00   0.0000000e+00   0.0000000e+00   0.0000000e+00   0.0000000e+00   0.0000000e+00   0.0000000e+00   0.0000000e+00   0.0000000e+00   0.0000000e+00   0.0000000e+00   0.0000000e+00   0.0000000e+00   0.0000000e+00   0.0000000e+00   0.0000000e+00   0.0000000e+00   0.0000000e+00   0.0000000e+00   0.0000000e+00   0.0000000e+00   3.2382211e-03   6.7513394e-03   0.0000000e+00   0.0000000e+00   1.7152654e-03   4.7830642e-03   8.4459161e-04   3.8686201e-03   2.2164232e-03   6.9135010e-03   0.0000000e+00   0.0000000e+00   0.0000000e+00   0.0000000e+00   0.0000000e+00   0.0000000e+00   0.0000000e+00   3.2778856e-04   0.0000000e+00   0.0000000e+00   0.0000000e+00   0.0000000e+00   0.0000000e+00   0.0000000e+00   0.0000000e+00   0.0000000e+00   0.0000000e+00   0.0000000e+00   0.0000000e+00   0.0000000e+00   0.0000000e+00   0.0000000e+00   0.0000000e+00   0.0000000e+00   0.0000000e+00   0.0000000e+00   0.0000000e+00   0.0000000e+00   0.0000000e+00   0.0000000e+00   0.0000000e+00   0.0000000e+00   0.0000000e+00   0.0000000e+00   0.0000000e+00   0.0000000e+00   0.0000000e+00   0.0000000e+00
   5.9783553e-03   3.4164480e-04   3.0996520e-02   8.5008970e-03   0.0000000e+00   4.5067952e-04   3.6545503e-04   1.3274431e-04   0.0000000e+00   4.7107733e-04   2.4669349e-04   0.0000000e+00   9.0733201e-05   4.7437013e-04   0.0000000e+00   7.3983399e-03   1.1647541e-03   2.0967401e-04   3.2734470e-03   1.2861756e-05   8.9691962e-03   0.0000000e+00   6.8838688e-03   0.0000000e+00   0.0000000e+00   0.0000000e+00   0.0000000e+00   0.0000000e+00   7.0010562e-04   6.2474151e-05   0.0000000e+00   0.0000000e+00   0.0000000e+00   0.0000000e+00   0.0000000e+00   0.0000000e+00   0.0000000e+00   0.0000000e+00   0.0000000e+00   0.0000000e+00   0.0000000e+00   0.0000000e+00   0.0000000e+00   0.0000000e+00   0.0000000e+00   0.0000000e+00   0.0000000e+00   0.0000000e+00   0.0000000e+00   0.0000000e+00   0.0000000e+00   0.0000000e+00   0.0000000e+00   0.0000000e+00   0.0000000e+00   0.0000000e+00   6.1799641e-05   0.0000000e+00   0.0000000e+00   0.0000000e+00   0.0000000e+00   0.0000000e+00   5.1675626e-03   1.1605784e-03   0.0000000e+00   0.0000000e+00   7.9712824e-04   1.1070718e-04   5.3057707e-03   2.0466907e-03   1.6132193e-03   9.6771490e-04   2.7679758e-04   0.0000000e+00   0.0000000e+00   0.0000000e+00   0.0000000e+00   0.0000000e+00   1.6541765e-02   4.8761990e-04   0.0000000e+00   8.6479947e-05   0.0000000e+00   0.0000000e+00   0.0000000e+00   0.0000000e+00   1.0070529e-04   0.0000000e+00   0.0000000e+00   0.0000000e+00   0.0000000e+00   0.0000000e+00   0.0000000e+00   0.0000000e+00   1.1496893e-03   0.0000000e+00   0.0000000e+00   0.0000000e+00   0.0000000e+00   0.0000000e+00   3.8238185e-04   0.0000000e+00   0.0000000e+00   0.0000000e+00   0.0000000e+00   0.0000000e+00   0.0000000e+00   0.0000000e+00   5.5136532e-04   0.0000000e+00
   1.0785281e-03   1.6368185e-04   0.0000000e+00   3.7502358e-04   0.0000000e+00   0.0000000e+00   0.0000000e+00   6.1050123e-03   2.4613097e-03   1.6865442e-02   4.7902211e-03   2.3901788e-04   2.9207767e-04   1.3985472e-03   7.3983399e-03   0.0000000e+00   0.0000000e+00   1.6450001e-03   3.5323247e-04   1.7803819e-03   0.0000000e+00   2.9477863e-03   0.0000000e+00   4.0672743e-03   0.0000000e+00   1.0989405e-03   0.0000000e+00   0.0000000e+00   0.0000000e+00   4.0439079e-03   0.0000000e+00   0.0000000e+00   0.0000000e+00   0.0000000e+00   0.0000000e+00   0.0000000e+00   0.0000000e+00   0.0000000e+00   0.0000000e+00   0.0000000e+00   0.0000000e+00   2.0589045e-04   0.0000000e+00   0.0000000e+00   0.0000000e+00   0.0000000e+00   0.0000000e+00   0.0000000e+00   0.0000000e+00   0.0000000e+00   0.0000000e+00   0.0000000e+00   0.0000000e+00   0.0000000e+00   0.0000000e+00   0.0000000e+00   0.0000000e+00   0.0000000e+00   0.0000000e+00   0.0000000e+00   0.0000000e+00   4.6785134e-04   6.3887793e-04   2.3629725e-03   0.0000000e+00   0.0000000e+00   8.8229772e-05   1.0973597e-03   4.7519697e-04   3.4055093e-03   0.0000000e+00   2.6249322e-04   2.7418417e-04   0.0000000e+00   0.0000000e+00   0.0000000e+00   0.0000000e+00   0.0000000e+00   0.0000000e+00   6.8627699e-03   0.0000000e+00   0.0000000e+00   0.0000000e+00   0.0000000e+00   0.0000000e+00   0.0000000e+00   0.0000000e+00   1.4273933e-04   0.0000000e+00   0.0000000e+00   0.0000000e+00   0.0000000e+00   0.0000000e+00   3.4971228e-04   0.0000000e+00   8.4120260e-04   0.0000000e+00   1.6474825e-04   0.0000000e+00   0.0000000e+00   0.0000000e+00   1.1345579e-04   0.0000000e+00   0.0000000e+00   0.0000000e+00   0.0000000e+00   0.0000000e+00   0.0000000e+00   0.0000000e+00   2.5050874e-04
   0.0000000e+00   0.0000000e+00   7.6820826e-04   0.0000000e+00   0.0000000e+00   5.1043459e-04   0.0000000e+00   0.0000000e+00   0.0000000e+00   0.0000000e+00   0.0000000e+00   0.0000000e+00   0.0000000e+00   0.0000000e+00   1.1647541e-03   0.0000000e+00   0.0000000e+00   0.0000000e+00   1.7971538e-03   0.0000000e+00   0.0000000e+00   0.0000000e+00   7.8762055e-03   0.0000000e+00   7.2601121e-03   0.0000000e+00   1.1999218e-03   0.0000000e+00   1.0481785e-02   0.0000000e+00   7.5928027e-04   0.0000000e+00   1.8608250e-03   0.0000000e+00   9.1784711e-04   0.0000000e+00   2.1254956e-03   0.0000000e+00   0.0000000e+00   0.0000000e+00   4.8448245e-04   0.0000000e+00   6.5528098e-04   0.0000000e+00   0.0000000e+00   0.0000000e+00   0.0000000e+00   0.0000000e+00   0.0000000e+00   0.0000000e+00   0.0000000e+00   0.0000000e+00   0.0000000e+00   0.0000000e+00   0.0000000e+00   0.0000000e+00   9.9923920e-04   0.0000000e+00   1.6410135e-03   0.0000000e+00   0.0000000e+00   0.0000000e+00   0.0000000e+00   0.0000000e+00   0.0000000e+00   0.0000000e+00   0.0000000e+00   0.0000000e+00   0.0000000e+00   0.0000000e+00   0.0000000e+00   0.0000000e+00   0.0000000e+00   0.0000000e+00   0.0000000e+00   0.0000000e+00   0.0000000e+00   0.0000000e+00   1.2472566e-02   0.0000000e+00   0.0000000e+00   0.0000000e+00   0.0000000e+00   0.0000000e+00   0.0000000e+00   0.0000000e+00   0.0000000e+00   0.0000000e+00   0.0000000e+00   0.0000000e+00   0.0000000e+00   0.0000000e+00   0.0000000e+00   0.0000000e+00   3.0379634e-02   0.0000000e+00   1.8752764e-02   0.0000000e+00   5.3523228e-03   0.0000000e+00   7.5254232e-03   0.0000000e+00   6.4632075e-03   0.0000000e+00   2.9082838e-03   0.0000000e+00   0.0000000e+00   0.0000000e+00   5.0068388e-03   0.0000000e+00
   0.0000000e+00   0.0000000e+00   0.0000000e+00   0.0000000e+00   0.0000000e+00   0.0000000e+00   0.0000000e+00   0.0000000e+00   0.0000000e+00   2.6439616e-03   0.0000000e+00   0.0000000e+00   3.9830532e-04   4.9465509e-04   2.0967401e-04   1.6450001e-03   0.0000000e+00   0.0000000e+00   0.0000000e+00   2.7467032e-04   0.0000000e+00   1.5846772e-04   0.0000000e+00   7.1816990e-03   0.0000000e+00   3.1885321e-03   0.0000000e+00   2.6847771e-04   0.0000000e+00   1.7425923e-02   0.0000000e+00   4.4426206e-04   0.0000000e+00   3.3652475e-03   0.0000000e+00   0.0000000e+00   0.0000000e+00   3.7269782e-03   0.0000000e+00   0.0000000e+00   0.0000000e+00   0.0000000e+00   0.0000000e+00   0.0000000e+00   0.0000000e+00   0.0000000e+00   0.0000000e+00   0.0000000e+00   0.0000000e+00   0.0000000e+00   0.0000000e+00   0.0000000e+00   0.0000000e+00   4.1552018e-03   0.0000000e+00   0.0000000e+00   0.0000000e+00   2.7931567e-03   0.0000000e+00   0.0000000e+00   0.0000000e+00   0.0000000e+00   0.0000000e+00   3.3295206e-03   0.0000000e+00   0.0000000e+00   0.0000000e+00   1.0013096e-03   0.0000000e+00   0.0000000e+00   0.0000000e+00   0.0000000e+00   0.0000000e+00   0.0000000e+00   0.0000000e+00   6.0224431e-04   0.0000000e+00   0.0000000e+00   0.0000000e+00   1.6169880e-02   0.0000000e+00   0.0000000e+00   0.0000000e+00   0.0000000e+00   0.0000000e+00   0.0000000e+00   0.0000000e+00   0.0000000e+00   0.0000000e+00   0.0000000e+00   0.0000000e+00   0.0000000e+00   0.0000000e+00   0.0000000e+00   0.0000000e+00   3.1521656e-02   0.0000000e+00   1.8764793e-02   0.0000000e+00   9.0968501e-03   0.0000000e+00   1.3092680e-02   0.0000000e+00   9.6096416e-03   0.0000000e+00   5.3787192e-03   0.0000000e+00   0.0000000e+00   0.0000000e+00   1.4422077e-03
   1.2836466e-02   0.0000000e+00   1.7667340e-02   6.8242992e-03   0.0000000e+00   0.0000000e+00   0.0000000e+00   2.9225415e-03   0.0000000e+00   0.0000000e+00   0.0000000e+00   0.0000000e+00   0.0000000e+00   0.0000000e+00   3.2734470e-03   3.5323247e-04   1.7971538e-03   0.0000000e+00   0.0000000e+00   3.2742116e-03   6.3174398e-03   0.0000000e+00   0.0000000e+00   0.0000000e+00   2.1903977e-04   0.0000000e+00   7.9351101e-03   0.0000000e+00   0.0000000e+00   0.0000000e+00   0.0000000e+00   0.0000000e+00   0.0000000e+00   0.0000000e+00   0.0000000e+00   0.0000000e+00   0.0000000e+00   0.0000000e+00   0.0000000e+00   0.0000000e+00   0.0000000e+00   0.0000000e+00   0.0000000e+00   0.0000000e+00   0.0000000e+00   0.0000000e+00   3.9551420e-04   0.0000000e+00   0.0000000e+00   0.0000000e+00   0.0000000e+00   0.0000000e+00   0.0000000e+00   0.0000000e+00   0.0000000e+00   0.0000000e+00   0.0000000e+00   0.0000000e+00   0.0000000e+00   0.0000000e+00   0.0000000e+00   0.0000000e+00   0.0000000e+00   0.0000000e+00   5.1726178e-03   7.3195240e-03   0.0000000e+00   0.0000000e+00   1.0170086e-02   8.2126135e-04   2.3548049e-03   6.7682266e-04   5.3700942e-04   0.0000000e+00   1.6795248e-04   0.0000000e+00   0.0000000e+00   0.0000000e+00   0.0000000e+00   0.0000000e+00   0.0000000e+00   0.0000000e+00   0.0000000e+00   0.0000000e+00   0.0000000e+00   0.0000000e+00   0.0000000e+00   0.0000000e+00   0.0000000e+00   0.0000000e+00   0.0000000e+00   0.0000000e+00   0.0000000e+00   0.0000000e+00   0.0000000e+00   0.0000000e+00   0.0000000e+00   0.0000000e+00   0.0000000e+00   0.0000000e+00   0.0000000e+00   0.0000000e+00   0.0000000e+00   0.0000000e+00   0.0000000e+00   0.0000000e+00   0.0000000e+00   0.0000000e+00   0.0000000e+00   0.0000000e+00
   0.0000000e+00   0.0000000e+00   0.0000000e+00   0.0000000e+00   0.0000000e+00   0.0000000e+00   0.0000000e+00   1.5764964e-02   0.0000000e+00   1.2460569e-02   7.6885734e-03   0.0000000e+00   0.0000000e+00   0.0000000e+00   1.2861756e-05   1.7803819e-03   0.0000000e+00   2.7467032e-04   3.2742116e-03   0.0000000e+00   0.0000000e+00   1.2690465e-02   0.0000000e+00   0.0000000e+00   0.0000000e+00   0.0000000e+00   3.6661788e-04   8.6671315e-03   0.0000000e+00   0.0000000e+00   0.0000000e+00   0.0000000e+00   0.0000000e+00   0.0000000e+00   0.0000000e+00   0.0000000e+00   0.0000000e+00   0.0000000e+00   0.0000000e+00   0.0000000e+00   0.0000000e+00   0.0000000e+00   0.0000000e+00   0.0000000e+00   0.0000000e+00   0.0000000e+00   1.8282768e-04   5.8542682e-04   0.0000000e+00   0.0000000e+00   0.0000000e+00   0.0000000e+00   0.0000000e+00   0.0000000e+00   0.0000000e+00   0.0000000e+00   0.0000000e+00   0.0000000e+00   0.0000000e+00   0.0000000e+00   0.0000000e+00   0.0000000e+00   0.0000000e+00   0.0000000e+00   4.4529689e-03   7.7594902e-03   0.0000000e+00   0.0000000e+00   2.4939910e-04   6.0149615e-03   2.4072321e-04   1.1814842e-03   0.0000000e+00   2.1028727e-04   0.0000000e+00   0.0000000e+00   0.0000000e+00   0.0000000e+00   0.0000000e+00   0.0000000e+00   0.0000000e+00   0.0000000e+00   0.0000000e+00   0.0000000e+00   0.0000000e+00   0.0000000e+00   0.0000000e+00   0.0000000e+00   0.0000000e+00   0.0000000e+00   0.0000000e+00   0.0000000e+00   0.0000000e+00   0.0000000e+00   0.0000000e+00   0.0000000e+00   0.0000000e+00   0.0000000e+00   0.0000000e+00   0.0000000e+00   0.0000000e+00   0.0000000e+00   0.0000000e+00   0.0000000e+00   0.0000000e+00   0.0000000e+00   0.0000000e+00   0.0000000e+00   0.0000000e+00   0.0000000e+00
   3.5657111e-04   0.0000000e+00   6.1833949e-04   0.0000000e+00   0.0000000e+00   0.0000000e+00   0.0000000e+00   0.0000000e+00   0.0000000e+00   0.0000000e+00   0.0000000e+00   0.0000000e+00   0.0000000e+00   0.0000000e+00   8.9691962e-03   0.0000000e+00   0.0000000e+00   0.0000000e+00   6.3174398e-03   0.0000000e+00   0.0000000e+00   0.0000000e+00   6.0923399e-03   0.0000000e+00   5.4544331e-03   0.0000000e+00   1.7440812e-02   0.0000000e+00   0.0000000e+00   0.0000000e+00   0.0000000e+00   0.0000000e+00   0.0000000e+00   0.0000000e+00   5.1774947e-04   0.0000000e+00   0.0000000e+00   0.0000000e+00   0.0000000e+00   0.0000000e+00   1.8124897e-03   0.0000000e+00   1.6299379e-04   0.0000000e+00   2.2346963e-04   0.0000000e+00   0.0000000e+00   0.0000000e+00   0.0000000e+00   0.0000000e+00   0.0000000e+00   0.0000000e+00   0.0000000e+00   0.0000000e+00   1.5818073e-04   0.0000000e+00   0.0000000e+00   0.0000000e+00   8.8449352e-04   0.0000000e+00   0.0000000e+00   0.0000000e+00   0.0000000e+00   0.0000000e+00   0.0000000e+00   0.0000000e+00   0.0000000e+00   0.0000000e+00   0.0000000e+00   0.0000000e+00   0.0000000e+00   0.0000000e+00   0.0000000e+00   0.0000000e+00   0.0000000e+00   0.0000000e+00   0.0000000e+00   0.0000000e+00   0.0000000e+00   0.0000000e+00   0.0000000e+00   0.0000000e+00   0.0000000e+00   0.0000000e+00   0.0000000e+00   0.0000000e+00   8.9421888e-04   0.0000000e+00   0.0000000e+00   0.0000000e+00   0.0000000e+00   0.0000000e+00   4.0926123e-04   0.0000000e+00   0.0000000e+00   0.0000000e+00   0.0000000e+00   0.0000000e+00   0.0000000e+00   0.0000000e+00   0.0000000e+00   0.0000000e+00   0.0000000e+00   0.0000000e+00   0.0000000e+00   0.0000000e+00   0.0000000e+00   0.0000000e+00   0.0000000e+00   0.0000000e+00
   0.0000000e+00   0.0000000e+00   0.0000000e+00   0.0000000e+00   0.0000000e+00   0.0000000e+00   0.0000000e+00   0.0000000e+00   0.0000000e+00   3.0803699e-03   4.1806438e-04   0.0000000e+00   0.0000000e+00   0.0000000e+00   0.0000000e+00   2.9477863e-03   0.0000000e+00   1.5846772e-04   0.0000000e+00   1.2690465e-02   0.0000000e+00   0.0000000e+00   0.0000000e+00   1.9737730e-03   0.0000000e+00   3.9615546e-03   0.0000000e+00   1.3076368e-02   0.0000000e+00   0.0000000e+00   0.0000000e+00   0.0000000e+00   0.0000000e+00   0.0000000e+00   0.0000000e+00   0.0000000e+00   0.0000000e+00   0.0000000e+00   0.0000000e+00   2.7911554e-03   0.0000000e+00   0.0000000e+00   0.0000000e+00   0.0000000e+00   0.0000000e+00   1.1747579e-03   0.0000000e+00   1.4909879e-04   0.0000000e+00   0.0000000e+00   0.0000000e+00   0.0000000e+00   0.0000000e+00   0.0000000e+00   0.0000000e+00   2.5529065e-03   0.0000000e+00   1.6911638e-03   0.0000000e+00   4.8157459e-04   0.0000000e+00   0.0000000e+00   0.0000000e+00   0.0000000e+00   0.0000000e+00   0.0000000e+00   0.0000000e+00   0.0000000e+00   0.0000000e+00   0.0000000e+00   0.0000000e+00   0.0000000e+00   0.0000000e+00   0.0000000e+00   0.0000000e+00   0.0000000e+00   0.0000000e+00   0.0000000e+00   0.0000000e+00   0.0000000e+00   0.0000000e+00   0.0000000e+00   0.0000000e+00   0.0000000e+00   0.0000000e+00   0.0000000e+00   0.0000000e+00   0.0000000e+00   0.0000000e+00   0.0000000e+00   0.0000000e+00   0.0000000e+00   0.0000000e+00   0.0000000e+00   0.0000000e+00   0.0000000e+00   0.0000000e+00   0.0000000e+00   0.0000000e+00   0.0000000e+00   0.0000000e+00   0.0000000e+00   0.0000000e+00   0.0000000e+00   0.0000000e+00   0.0000000e+00   0.0000000e+00   0.0000000e+00   0.0000000e+00   0.0000000e+00
