   0.0000000e+00   1.1399969e-02   6.0161605e-03   1.4818291e-02   5.7126278e-03   2.6908684e-03   0.0000000e+00   1.7906948e-02   1.0234002e-02   1.4508211e-02   9.5395707e-03   0.0000000e+00   0.0000000e+00   0.0000000e+00   1.5683186e-03   8.3914477e-04   0.0000000e+00   0.0000000e+00   0.0000000e+00   6.7455933e-04   0.0000000e+00   0.0000000e+00   0.0000000e+00   4.8496903e-04   0.0000000e+00   0.0000000e+00   3.2249730e-04   1.2142343e-03   1.7134874e-03   0.0000000e+00   0.0000000e+00   0.0000000e+00   0.0000000e+00   0.0000000e+00   0.0000000e+00   0.0000000e+00   0.0000000e+00   0.0000000e+00   0.0000000e+00   0.0000000e+00   8.0415507e-04   0.0000000e+00   0.0000000e+00   0.0000000e+00   0.0000000e+00   0.0000000e+00   3.7396950e-04   0.0000000e+00   3.1312426e-04   0.0000000e+00   0.0000000e+00   0.0000000e+00   0.0000000e+00   0.0000000e+00   0.0000000e+00   0.0000000e+00   0.0000000e+00   0.0000000e+00   0.0000000e+00   0.0000000e+00   3.4534609e-04   0.0000000e+00   1.0236168e-03   6.4919874e-04   0.0000000e+00   0.0000000e+00   2.7144943e-03   0.0000000e+00   5.7867889e-04   5.8666809e-04   6.8276014e-03   6.0287871e-04   3.3729680e-03   5.1653192e-04   7.6750371e-04   8.6877847e-04   0.0000000e+00   0.0000000e+00   0.0000000e+00   0.0000000e+00   6.6074440e-04   0.0000000e+00   1.3446824e-04   0.0000000e+00   5.5538757e-04   0.0000000e+00   0.0000000e+00   0.0000000e+00   0.0000000e+00   0.0000000e+00   0.0000000e+00   0.0000000e+00   0.0000000e+00   0.0000000e+00   0.0000000e+00   0.0000000e+00   0.0000000e+00   0.0000000e+00   0.0000000e+00   0.0000000e+00   0.0000000e+00   0.0000000e+00   0.0000000e+00   0.0000000e+00   0.0000000e+00   0.0000000e+00   0.0000000e+00   0.0000000e+00   5.5722076e-04   0.0000000e+00
   1.1399969e-02   0.0000000e+00   5.2933439e-03   5.9127849e-03   9.5310678e-04   0.0000000e+00   1.2244170e-03   5.7372777e-03   7.2218961e-03   0.0000000e+00   0.0000000e+00   0.0000000e+00   0.0000000e+00   0.0000000e+00   3.3626713e-03   1.4831543e-03   0.0000000e+00   0.0000000e+00   0.0000000e+00   0.0000000e+00   0.0000000e+00   0.0000000e+00   0.0000000e+00   0.0000000e+00   0.0000000e+00   0.0000000e+00   0.0000000e+00   0.0000000e+00   2.2112061e-04   0.0000000e+00   0.0000000e+00   0.0000000e+00   0.0000000e+00   0.0000000e+00   0.0000000e+00   0.0000000e+00   0.0000000e+00   0.0000000e+00   0.0000000e+00   0.0000000e+00   0.0000000e+00   0.0000000e+00   0.0000000e+00   0.0000000e+00   0.0000000e+00   0.0000000e+00   0.0000000e+00   0.0000000e+00   0.0000000e+00   0.0000000e+00   0.0000000e+00   0.0000000e+00   0.0000000e+00   0.0000000e+00   0.0000000e+00   0.0000000e+00   0.0000000e+00   0.0000000e+00   0.0000000e+00   0.0000000e+00   0.0000000e+00   0.0000000e+00   5.2625337e-03   3.6116534e-04   0.0000000e+00   0.0000000e+00   4.6198514e-03   1.6152636e-03   2.5505545e-03   1.3749518e-03   2.5225935e-03   3.4427533e-04   0.0000000e+00   0.0000000e+00   0.0000000e+00   0.0000000e+00   0.0000000e+00   0.0000000e+00   0.0000000e+00   0.0000000e+00   0.0000000e+00   0.0000000e+00   0.0000000e+00   0.0000000e+00   0.0000000e+00   0.0000000e+00   0.0000000e+00   0.0000000e+00   0.0000000e+00   0.0000000e+00   0.0000000e+00   0.0000000e+00   0.0000000e+00   0.0000000e+00   0.0000000e+00   0.0000000e+00   0.0000000e+00   0.0000000e+00   0.0000000e+00   0.0000000e+00   0.0000000e+00   0.0000000e+00   0.0000000e+00   0.0000000e+00   0.0000000e+00   0.0000000e+00   0.0000000e+00   0.0000000e+00   0.0000000e+00   0.0000000e+00
   6.0161605e-03   5.2933439e-03   0.0000000e+00   3.7058877e-03   6.8076973e-04   1.3187864e-03   1.4626791e-02   4.2389608e-03   0.0000000e+00   1.7378413e-03   1.3894295e-03   0.0000000e+00   0.0000000e+00   0.0000000e+00   2.0876913e-02   0.0000000e+00   5.3417358e-04   0.0000000e+00   3.1340897e-03   1.1272958e-03   6.5294732e-04   0.0000000e+00   1.5688721e-02   9.1686998e-04   3.6339812e-03   0.0000000e+00   1.4760809e-03   0.0000000e+00   6.0732921e-04   0.0000000e+00   0.0000000e+00   0.0000000e+00   0.0000000e+00   0.0000000e+00   0.0000000e+00   0.0000000e+00   0.0000000e+00   0.0000000e+00   0.0000000e+00   0.0000000e+00   0.0000000e+00   0.0000000e+00   0.0000000e+00   0.0000000e+00   4.7899638e-04   0.0000000e+00   7.3135830e-03   0.0000000e+00   8.3898304e-04   0.0000000e+00   0.0000000e+00   0.0000000e+00   0.0000000e+00   0.0000000e+00   0.0000000e+00   0.0000000e+00   1.3576716e-03   0.0000000e+00   3.3550566e-03   0.0000000e+00   0.0000000e+00   0.0000000e+00   1.2038829e-02   0.0000000e+00   0.0000000e+00   0.0000000e+00   2.8552954e-03   0.0000000e+00   1.5734523e-03   0.0000000e+00   7.8224079e-04   0.0000000e+00   0.0000000e+00   0.0000000e+00   6.1659307e-04   0.0000000e+00   0.0000000e+00   0.0000000e+00   6.7224609e-04   0.0000000e+00   3.2452241e-04   0.0000000e+00   0.0000000e+00   0.0000000e+00   0.0000000e+00   0.0000000e+00   0.0000000e+00   0.0000000e+00   0.0000000e+00   0.0000000e+00   0.0000000e+00   0.0000000e+00   1.0823650e-03   0.0000000e+00   0.0000000e+00   0.0000000e+00   0.0000000e+00   0.0000000e+00   0.0000000e+00   0.0000000e+00   0.0000000e+00   0.0000000e+00   0.0000000e+00   0.0000000e+00   0.0000000e+00   0.0000000e+00   0.0000000e+00   0.0000000e+00   2.6873799e-03   0.0000000e+00
   1.4818291e-02   5.9127849e-03   3.7058877e-03   0.0000000e+00   1.8314320e-03   9.9282998e-04   9.7855074e-03   0.0000000e+00   0.0000000e+00   3.8982686e-03   1.5812475e-02   1.7156207e-03   4.6429727e-03   0.0000000e+00   9.9741812e-03   2.5756832e-04   0.0000000e+00   0.0000000e+00   0.0000000e+00   0.0000000e+00   0.0000000e+00   0.0000000e+00   0.0000000e+00   1.0272423e-03   0.0000000e+00   0.0000000e+00   7.3238816e-03   0.0000000e+00   4.4466805e-04   0.0000000e+00   0.0000000e+00   0.0000000e+00   0.0000000e+00   0.0000000e+00   0.0000000e+00   0.0000000e+00   0.0000000e+00   0.0000000e+00   0.0000000e+00   0.0000000e+00   0.0000000e+00   0.0000000e+00   0.0000000e+00   0.0000000e+00   0.0000000e+00   0.0000000e+00   9.1813083e-03   0.0000000e+00   1.9305600e-03   0.0000000e+00   0.0000000e+00   0.0000000e+00   0.0000000e+00   0.0000000e+00   0.0000000e+00   0.0000000e+00   6.5344019e-04   0.0000000e+00   7.3657895e-04   0.0000000e+00   0.0000000e+00   0.0000000e+00   9.2672965e-03   0.0000000e+00   0.0000000e+00   0.0000000e+00   1.4670940e-03   0.0000000e+00   1.1805280e-03   0.0000000e+00   3.1591789e-04   0.0000000e+00   0.0000000e+00   0.0000000e+00   1.0916550e-03   0.0000000e+00   0.0000000e+00   0.0000000e+00   0.0000000e+00   0.0000000e+00   0.0000000e+00   0.0000000e+00   0.0000000e+00   0.0000000e+00   0.0000000e+00   0.0000000e+00   0.0000000e+00   0.0000000e+00   0.0000000e+00   0.0000000e+00   0.0000000e+00   0.0000000e+00   0.0000000e+00   0.0000000e+00   0.0000000e+00   0.0000000e+00   0.0000000e+00   0.0000000e+00   0.0000000e+00   0.0000000e+00   0.0000000e+00   0.0000000e+00   0.0000000e+00   0.0000000e+00   0.0000000e+00   0.0000000e+00   0.0000000e+00   0.0000000e+00   0.0000000e+00   0.0000000e+00
   5.7126278e-03   9.5310678e-04   6.8076973e-04   1.8314320e-03   0.0000000e+00   1.2901091e-02   0.0000000e+00   1.3511864e-03   1.0878695e-03   0.0000000e+00   0.0000000e+00   6.7568571e-04   0.0000000e+00   0.0000000e+00   1.0533998e-04   1.1857480e-04   0.0000000e+00   0.0000000e+00   0.0000000e+00   0.0000000e+00   0.0000000e+00   0.0000000e+00   0.0000000e+00   0.0000000e+00   0.0000000e+00   0.0000000e+00   1.2635016e-03   0.0000000e+00   1.1192335e-02   0.0000000e+00   0.0000000e+00   0.0000000e+00   0.0000000e+00   0.0000000e+00   0.0000000e+00   0.0000000e+00   0.0000000e+00   0.0000000e+00   0.0000000e+00   0.0000000e+00   1.6310399e-03   0.0000000e+00   6.8347315e-04   0.0000000e+00   0.0000000e+00   0.0000000e+00   1.4932410e-03   0.0000000e+00   0.0000000e+00   0.0000000e+00   0.0000000e+00   0.0000000e+00   0.0000000e+00   0.0000000e+00   0.0000000e+00   0.0000000e+00   0.0000000e+00   1.4630852e-04   0.0000000e+00   0.0000000e+00   1.4730505e-03   9.7180067e-04   0.0000000e+00   0.0000000e+00   0.0000000e+00   0.0000000e+00   9.8478491e-04   0.0000000e+00   0.0000000e+00   0.0000000e+00   0.0000000e+00   0.0000000e+00   6.2890113e-03   2.7261348e-04   1.6770707e-03   2.9639569e-04   0.0000000e+00   4.5215803e-04   7.8990680e-04   0.0000000e+00   1.4713330e-02   2.8325089e-04   7.5888462e-03   9.7212939e-04   6.8087348e-03   2.9851868e-04   6.9818071e-03   0.0000000e+00   8.6387403e-03   0.0000000e+00   2.8013231e-03   0.0000000e+00   0.0000000e+00   3.9378028e-04   0.0000000e+00   0.0000000e+00   0.0000000e+00   0.0000000e+00   0.0000000e+00   0.0000000e+00   0.0000000e+00   0.0000000e+00   0.0000000e+00   0.0000000e+00   0.0000000e+00   0.0000000e+00   0.0000000e+00   0.0000000e+00   0.0000000e+00   0.0000000e+00
   2.6908684e-03   0.0000000e+00   1.3187864e-03   9.9282998e-04   1.2901091e-02   0.0000000e+00   4.6098820e-03   0.0000000e+00   0.0000000e+00   0.0000000e+00   1.3438956e-03   4.6400098e-04   0.0000000e+00   0.0000000e+00   0.0000000e+00   0.0000000e+00   8.7931976e-04   0.0000000e+00   0.0000000e+00   0.0000000e+00   0.0000000e+00   0.0000000e+00   0.0000000e+00   0.0000000e+00   0.0000000e+00   0.0000000e+00   0.0000000e+00   0.0000000e+00   7.6931261e-03   0.0000000e+00   0.0000000e+00   0.0000000e+00   0.0000000e+00   0.0000000e+00   0.0000000e+00   0.0000000e+00   0.0000000e+00   0.0000000e+00   0.0000000e+00   0.0000000e+00   0.0000000e+00   0.0000000e+00   0.0000000e+00   0.0000000e+00   0.0000000e+00   0.0000000e+00   0.0000000e+00   0.0000000e+00   0.0000000e+00   0.0000000e+00   0.0000000e+00   0.0000000e+00   0.0000000e+00   0.0000000e+00   0.0000000e+00   0.0000000e+00   0.0000000e+00   0.0000000e+00   0.0000000e+00   0.0000000e+00   0.0000000e+00   0.0000000e+00   0.0000000e+00   0.0000000e+00   0.0000000e+00   0.0000000e+00   1.9697000e-03   0.0000000e+00   0.0000000e+00   0.0000000e+00   0.0000000e+00   0.0000000e+00   3.0513562e-04   0.0000000e+00   0.0000000e+00   0.0000000e+00   0.0000000e+00   0.0000000e+00   8.2484550e-03   0.0000000e+00   5.5632485e-03   5.6886622e-04   2.2353720e-03   9.6309877e-04   8.3589539e-04   0.0000000e+00   0.0000000e+00   0.0000000e+00   0.0000000e+00   0.0000000e+00   5.1889283e-04   0.0000000e+00   0.0000000e+00   0.0000000e+00   0.0000000e+00   0.0000000e+00   0.0000000e+00   0.0000000e+00   0.0000000e+00   0.0000000e+00   0.0000000e+00   0.0000000e+00   0.0000000e+00   0.0000000e+00   0.0000000e+00   0.0000000e+00   0.0000000e+00   0.0000000e+00   0.0000000e+00   0.0000000e+00
   0.0000000e+00   1.2244170e-03   1.4626791e-02   9.7855074e-03   0.0000000e+00   4.6098820e-03   0.0000000e+00   0.0000000e+00   0.0000000e+00   0.0000000e+00   0.0000000e+00   0.0000000e+00   0.0000000e+00   0.0000000e+00   1.4921836e-04   0.0000000e+00   0.0000000e+00   0.0000000e+00   0.0000000e+00   0.0000000e+00   0.0000000e+00   0.0000000e+00   0.0000000e+00   0.0000000e+00   0.0000000e+00   0.0000000e+00   0.0000000e+00   0.0000000e+00   1.1904035e-03   0.0000000e+00   0.0000000e+00   0.0000000e+00   0.0000000e+00   0.0000000e+00   0.0000000e+00   0.0000000e+00   0.0000000e+00   0.0000000e+00   0.0000000e+00   0.0000000e+00   0.0000000e+00   0.0000000e+00   0.0000000e+00   0.0000000e+00   0.0000000e+00   0.0000000e+00   0.0000000e+00   0.0000000e+00   0.0000000e+00   0.0000000e+00   0.0000000e+00   0.0000000e+00   0.0000000e+00   0.0000000e+00   0.0000000e+00   0.0000000e+00   0.0000000e+00   0.0000000e+00   0.0000000e+00   0.0000000e+00   0.0000000e+00   0.0000000e+00   3.9908492e-03   5.5820332e-04   0.0000000e+00   0.0000000e+00   1.6037776e-02   3.6957386e-03   2.1805720e-03   3.4398555e-04   3.3186690e-03   4.6424681e-04   0.0000000e+00   0.0000000e+00   0.0000000e+00   0.0000000e+00   0.0000000e+00   0.0000000e+00   1.8831790e-03   0.0000000e+00   0.0000000e+00   0.0000000e+00   0.0000000e+00   0.0000000e+00   0.0000000e+00   0.0000000e+00   0.0000000e+00   0.0000000e+00   0.0000000e+00   0.0000000e+00   0.0000000e+00   0.0000000e+00   0.0000000e+00   0.0000000e+00   0.0000000e+00   0.0000000e+00   0.0000000e+00   0.0000000e+00   0.0000000e+00   0.0000000e+00   0.0000000e+00   0.0000000e+00   0.0000000e+00   0.0000000e+00   0.0000000e+00   0.0000000e+00   0.0000000e+00   0.0000000e+00   0.0000000e+00   0.0000000e+00
   1.7906948e-02   5.7372777e-03   4.2389608e-03   0.0000000e+00   1.3511864e-03   0.0000000e+00   0.0000000e+00   0.0000000e+00   1.7770699e-02   1.8784540e-03   6.4644486e-03   3.6566288e-03   5.7858730e-03   0.0000000e+00   0.0000000e+00   4.9670812e-03   7.1437632e-04   0.0000000e+00   3.3603138e-04   0.0000000e+00   0.0000000e+00   0.0000000e+00   0.0000000e+00   0.0000000e+00   0.0000000e+00   0.0000000e+00   0.0000000e+00   0.0000000e+00   0.0000000e+00   2.4083813e-03   0.0000000e+00   0.0000000e+00   0.0000000e+00   0.0000000e+00   0.0000000e+00   0.0000000e+00   0.0000000e+00   0.0000000e+00   0.0000000e+00   0.0000000e+00   0.0000000e+00   7.5528772e-04   0.0000000e+00   0.0000000e+00   0.0000000e+00   0.0000000e+00   0.0000000e+00   0.0000000e+00   0.0000000e+00   0.0000000e+00   0.0000000e+00   0.0000000e+00   0.0000000e+00   0.0000000e+00   0.0000000e+00   0.0000000e+00   0.0000000e+00   1.9401674e-04   0.0000000e+00   0.0000000e+00   0.0000000e+00   0.0000000e+00   0.0000000e+00   0.0000000e+00   6.7654962e-04   3.6828098e-03   4.5410006e-04   9.0699091e-04   0.0000000e+00   5.2328745e-04   7.0049014e-04   4.6018533e-04   0.0000000e+00   7.8210875e-04   0.0000000e+00   3.5984112e-04   0.0000000e+00   0.0000000e+00   0.0000000e+00   3.9649513e-04   0.0000000e+00   4.0393316e-03   0.0000000e+00   0.0000000e+00   0.0000000e+00   8.9785577e-05   0.0000000e+00   3.1344947e-04   0.0000000e+00   0.0000000e+00   0.0000000e+00   0.0000000e+00   0.0000000e+00   0.0000000e+00   0.0000000e+00   0.0000000e+00   0.0000000e+00   0.0000000e+00   0.0000000e+00   0.0000000e+00   0.0000000e+00   0.0000000e+00   0.0000000e+00   0.0000000e+00   0.0000000e+00   0.0000000e+00   0.0000000e+00   0.0000000e+00   2.8764701e-04   0.0000000e+00
   1.0234002e-02   7.2218961e-03   0.0000000e+00   0.0000000e+00   1.0878695e-03   0.0000000e+00   0.0000000e+00   1.7770699e-02   0.0000000e+00   4.7155513e-03   7.2550830e-03   1.9242395e-03   0.0000000e+00   2.4244279e-03   1.3462272e-04   3.4077797e-03   0.0000000e+00   0.0000000e+00   0.0000000e+00   0.0000000e+00   0.0000000e+00   0.0000000e+00   0.0000000e+00   0.0000000e+00   0.0000000e+00   0.0000000e+00   0.0000000e+00   0.0000000e+00   0.0000000e+00   1.4806397e-03   0.0000000e+00   0.0000000e+00   0.0000000e+00   0.0000000e+00   0.0000000e+00   0.0000000e+00   0.0000000e+00   0.0000000e+00   0.0000000e+00   0.0000000e+00   0.0000000e+00   0.0000000e+00   0.0000000e+00   0.0000000e+00   0.0000000e+00   0.0000000e+00   0.0000000e+00   0.0000000e+00   0.0000000e+00   0.0000000e+00   0.0000000e+00   0.0000000e+00   0.0000000e+00   0.0000000e+00   0.0000000e+00   0.0000000e+00   0.0000000e+00   0.0000000e+00   0.0000000e+00   0.0000000e+00   0.0000000e+00   0.0000000e+00   0.0000000e+00   2.9410385e-03   0.0000000e+00   0.0000000e+00   0.0000000e+00   2.3580028e-03   0.0000000e+00   4.0716111e-04   0.0000000e+00   8.5294971e-04   0.0000000e+00   1.0709719e-03   0.0000000e+00   0.0000000e+00   0.0000000e+00   0.0000000e+00   0.0000000e+00   0.0000000e+00   0.0000000e+00   0.0000000e+00   0.0000000e+00   4.7830629e-04   0.0000000e+00   0.0000000e+00   0.0000000e+00   0.0000000e+00   0.0000000e+00   0.0000000e+00   0.0000000e+00   0.0000000e+00   0.0000000e+00   0.0000000e+00   0.0000000e+00   0.0000000e+00   0.0000000e+00   0.0000000e+00   0.0000000e+00   0.0000000e+00   0.0000000e+00   0.0000000e+00   0.0000000e+00   0.0000000e+00   0.0000000e+00   0.0000000e+00   0.0000000e+00   0.0000000e+00   0.0000000e+00   0.0000000e+00
   1.4508211e-02   0.0000000e+00   1.7378413e-03   3.8982686e-03   0.0000000e+00   0.0000000e+00   0.0000000e+00   1.8784540e-03   4.7155513e-03   0.0000000e+00   7.9950910e-03   1.1951164e-03   1.1718501e-03   1.7891365e-02   8.1761319e-04   1.5324427e-02   0.0000000e+00   1.2463181e-03   0.0000000e+00   7.2191590e-04   0.0000000e+00   3.2471316e-04   0.0000000e+00   2.7424735e-02   0.0000000e+00   1.6266884e-03   0.0000000e+00   1.5204528e-03   0.0000000e+00   7.0607832e-04   0.0000000e+00   0.0000000e+00   0.0000000e+00   0.0000000e+00   0.0000000e+00   0.0000000e+00   0.0000000e+00   0.0000000e+00   0.0000000e+00   0.0000000e+00   0.0000000e+00   1.4549839e-03   0.0000000e+00   0.0000000e+00   0.0000000e+00   0.0000000e+00   0.0000000e+00   1.1949957e-02   0.0000000e+00   1.1116041e-03   0.0000000e+00   0.0000000e+00   0.0000000e+00   0.0000000e+00   0.0000000e+00   0.0000000e+00   0.0000000e+00   1.7321490e-03   0.0000000e+00   5.2821776e-04   0.0000000e+00   6.4489280e-04   0.0000000e+00   1.3103971e-03   0.0000000e+00   0.0000000e+00   4.1034881e-04   1.5593751e-03   0.0000000e+00   3.3085390e-04   2.8683634e-04   1.1944146e-03   0.0000000e+00   0.0000000e+00   6.2113626e-04   4.0883139e-03   0.0000000e+00   2.7741187e-03   0.0000000e+00   2.7122583e-03   0.0000000e+00   5.6891242e-04   0.0000000e+00   0.0000000e+00   0.0000000e+00   0.0000000e+00   0.0000000e+00   0.0000000e+00   0.0000000e+00   0.0000000e+00   0.0000000e+00   0.0000000e+00   0.0000000e+00   0.0000000e+00   0.0000000e+00   4.5962164e-03   0.0000000e+00   0.0000000e+00   0.0000000e+00   2.6250911e-03   0.0000000e+00   0.0000000e+00   0.0000000e+00   0.0000000e+00   0.0000000e+00   0.0000000e+00   0.0000000e+00   0.0000000e+00   0.0000000e+00   1.9811652e-03
   9.5395707e-03   0.0000000e+00   1.3894295e-03   1.5812475e-02   0.0000000e+00   1.3438956e-03   0.0000000e+00   6.4644486e-03   7.2550830e-03   7.9950910e-03   0.0000000e+00   7.0142112e-04   0.0000000e+00   1.6979939e-02   1.5915670e-04   5.2958103e-03   0.0000000e+00   0.0000000e+00   0.0000000e+00   3.6445770e-04   0.0000000e+00   0.0000000e+00   0.0000000e+00   4.0510444e-03   0.0000000e+00   1.0827992e-03   0.0000000e+00   1.6641858e-03   0.0000000e+00   0.0000000e+00   0.0000000e+00   0.0000000e+00   0.0000000e+00   0.0000000e+00   0.0000000e+00   0.0000000e+00   0.0000000e+00   0.0000000e+00   0.0000000e+00   0.0000000e+00   0.0000000e+00   9.1610674e-04   0.0000000e+00   0.0000000e+00   0.0000000e+00   0.0000000e+00   0.0000000e+00   8.8907479e-03   0.0000000e+00   1.1056730e-03   0.0000000e+00   0.0000000e+00   0.0000000e+00   0.0000000e+00   0.0000000e+00   0.0000000e+00   0.0000000e+00   8.6493216e-04   0.0000000e+00   0.0000000e+00   0.0000000e+00   0.0000000e+00   0.0000000e+00   0.0000000e+00   0.0000000e+00   0.0000000e+00   0.0000000e+00   1.2542309e-03   0.0000000e+00   0.0000000e+00   3.7471864e-04   1.3483458e-03   0.0000000e+00   0.0000000e+00   5.8877290e-04   5.1854246e-03   0.0000000e+00   1.4092804e-03   0.0000000e+00   0.0000000e+00   0.0000000e+00   0.0000000e+00   0.0000000e+00   0.0000000e+00   0.0000000e+00   4.8181356e-04   0.0000000e+00   0.0000000e+00   0.0000000e+00   0.0000000e+00   0.0000000e+00   0.0000000e+00   0.0000000e+00   6.8420102e-04   0.0000000e+00   3.4092994e-03   0.0000000e+00   0.0000000e+00   0.0000000e+00   0.0000000e+00   0.0000000e+00   0.0000000e+00   0.0000000e+00   0.0000000e+00   0.0000000e+00   0.0000000e+00   0.0000000e+00   0.0000000e+00   0.0000000e+00   3.2954183e-04
   0.0000000e+00   0.0000000e+00   0.0000000e+00   1.7156207e-03   6.7568571e-04   4.6400098e-04   0.0000000e+00   3.6566288e-03   1.9242395e-03   1.1951164e-03   7.0142112e-04   0.0000000e+00   2.2021144e-02   0.0000000e+00   0.0000000e+00   4.4876591e-04   0.0000000e+00   5.7523132e-04   0.0000000e+00   0.0000000e+00   0.0000000e+00   0.0000000e+00   0.0000000e+00   0.0000000e+00   0.0000000e+00   0.0000000e+00   0.0000000e+00   0.0000000e+00   0.0000000e+00   8.8092835e-03   0.0000000e+00   0.0000000e+00   0.0000000e+00   0.0000000e+00   0.0000000e+00   0.0000000e+00   0.0000000e+00   0.0000000e+00   0.0000000e+00   0.0000000e+00   0.0000000e+00   0.0000000e+00   0.0000000e+00   0.0000000e+00   0.0000000e+00   0.0000000e+00   0.0000000e+00   0.0000000e+00   0.0000000e+00   0.0000000e+00   0.0000000e+00   0.0000000e+00   0.0000000e+00   0.0000000e+00   0.0000000e+00   0.0000000e+00   0.0000000e+00   5.0545408e-04   0.0000000e+00   0.0000000e+00   0.0000000e+00   4.3363292e-03   0.0000000e+00   0.0000000e+00   0.0000000e+00   0.0000000e+00   0.0000000e+00   1.9950025e-03   0.0000000e+00   0.0000000e+00   0.0000000e+00   0.0000000e+00   0.0000000e+00   5.4647016e-03   0.0000000e+00   1.8448566e-03   0.0000000e+00   1.5504580e-03   0.0000000e+00   1.3250943e-03   7.5991349e-04   2.2039925e-02   0.0000000e+00   1.4627817e-02   4.2036252e-04   5.8305045e-03   0.0000000e+00   4.7193315e-03   0.0000000e+00   1.0872185e-02   0.0000000e+00   1.7385230e-03   0.0000000e+00   7.8611296e-04   0.0000000e+00   0.0000000e+00   0.0000000e+00   0.0000000e+00   0.0000000e+00   0.0000000e+00   0.0000000e+00   0.0000000e+00   0.0000000e+00   0.0000000e+00   0.0000000e+00   0.0000000e+00   0.0000000e+00   0.0000000e+00   0.0000000e+00   0.0000000e+00
   0.0000000e+00   0.0000000e+00   0.0000000e+00   4.6429727e-03   0.0000000e+00   0.0000000e+00   0.0000000e+00   5.7858730e-03   0.0000000e+00   1.1718501e-03   0.0000000e+00   2.2021144e-02   0.0000000e+00   0.0000000e+00   0.0000000e+00   0.0000000e+00   0.0000000e+00   1.1741880e-03   0.0000000e+00   0.0000000e+00   0.0000000e+00   0.0000000e+00   0.0000000e+00   0.0000000e+00   0.0000000e+00   0.0000000e+00   0.0000000e+00   0.0000000e+00   0.0000000e+00   2.9600945e-03   0.0000000e+00   0.0000000e+00   0.0000000e+00   0.0000000e+00   0.0000000e+00   0.0000000e+00   0.0000000e+00   0.0000000e+00   0.0000000e+00   0.0000000e+00   0.0000000e+00   1.1527890e-03   0.0000000e+00   0.0000000e+00   0.0000000e+00   0.0000000e+00   0.0000000e+00   0.0000000e+00   0.0000000e+00   0.0000000e+00   0.0000000e+00   0.0000000e+00   0.0000000e+00   0.0000000e+00   0.0000000e+00   0.0000000e+00   0.0000000e+00   0.0000000e+00   0.0000000e+00   0.0000000e+00   0.0000000e+00   0.0000000e+00   0.0000000e+00   0.0000000e+00   0.0000000e+00   0.0000000e+00   0.0000000e+00   9.6111112e-04   0.0000000e+00   0.0000000e+00   0.0000000e+00   0.0000000e+00   0.0000000e+00   0.0000000e+00   0.0000000e+00   0.0000000e+00   0.0000000e+00   0.0000000e+00   0.0000000e+00   4.5877778e-03   0.0000000e+00   5.8411305e-03   0.0000000e+00   1.1687285e-03   0.0000000e+00   0.0000000e+00   0.0000000e+00   0.0000000e+00   0.0000000e+00   0.0000000e+00   0.0000000e+00   0.0000000e+00   0.0000000e+00   0.0000000e+00   0.0000000e+00   0.0000000e+00   0.0000000e+00   0.0000000e+00   0.0000000e+00   0.0000000e+00   0.0000000e+00   0.0000000e+00   0.0000000e+00   0.0000000e+00   0.0000000e+00   0.0000000e+00   0.0000000e+00   0.0000000e+00   0.0000000e+00   0.0000000e+00
   0.0000000e+00   0.0000000e+00   0.0000000e+00   0.0000000e+00   0.0000000e+00   0.0000000e+00   0.0000000e+00   0.0000000e+00   2.4244279e-03   1.7891365e-02   1.6979939e-02   0.0000000e+00   0.0000000e+00   0.0000000e+00   0.0000000e+00   4.0128629e-04   0.0000000e+00   0.0000000e+00   0.0000000e+00   0.0000000e+00   0.0000000e+00   0.0000000e+00   0.0000000e+00   0.0000000e+00   0.0000000e+00   0.0000000e+00   0.0000000e+00   0.0000000e+00   0.0000000e+00   0.0000000e+00   0.0000000e+00   0.0000000e+00   0.0000000e+00   0.0000000e+00   0.0000000e+00   0.0000000e+00   0.0000000e+00   0.0000000e+00   0.0000000e+00   0.0000000e+00   0.0000000e+00   0.0000000e+00   0.0000000e+00   0.0000000e+00   0.0000000e+00   0.0000000e+00   0.0000000e+00   0.0000000e+00   0.0000000e+00   0.0000000e+00   0.0000000e+00   0.0000000e+00   0.0000000e+00   0.0000000e+00   0.0000000e+00   0.0000000e+00   0.0000000e+00   0.0000000e+00   0.0000000e+00   0.0000000e+00   0.0000000e+00   0.0000000e+00   0.0000000e+00   7.7760820e-03   0.0000000e+00   0.0000000e+00   0.0000000e+00   1.3888400e-02   0.0000000e+00   2.1476135e-03   0.0000000e+00   7.7157257e-04   0.0000000e+00   0.0000000e+00   0.0000000e+00   0.0000000e+00   0.0000000e+00   0.0000000e+00   0.0000000e+00   2.1888028e-03   0.0000000e+00   0.0000000e+00   0.0000000e+00   0.0000000e+00   0.0000000e+00   0.0000000e+00   0.0000000e+00   0.0000000e+00   0.0000000e+00   0.0000000e+00   0.0000000e+00   0.0000000e+00   0.0000000e+00   0.0000000e+00   0.0000000e+00   0.0000000e+00   0.0000000e+00   0.0000000e+00   0.0000000e+00   0.0000000e+00   0.0000000e+00   0.0000000e+00   0.0000000e+00   0.0000000e+00   0.0000000e+00   0.0000000e+00   0.0000000e+00   0.0000000e+00   0.0000000e+00   0.0000000e+00
   1.5683186e-03   3.3626713e-03   2.0876913e-02   9.9741812e-03   1.0533998e-04   0.0000000e+00   1.4921836e-04   0.0000000e+00   1.3462272e-04   8.1761319e-04   1.5915670e-04   0.0000000e+00   0.0000000e+00   0.0000000e+00   0.0000000e+00   3.2946371e-03   1.4239180e-03   0.0000000e+00   3.4894923e-03   4.0821353e-04   5.1536528e-03   0.0000000e+00   7.6292569e-03   5.0452407e-04   7.9762376e-04   0.0000000e+00   0.0000000e+00   0.0000000e+00   1.1132296e-03   0.0000000e+00   0.0000000e+00   0.0000000e+00   0.0000000e+00   0.0000000e+00   0.0000000e+00   0.0000000e+00   0.0000000e+00   0.0000000e+00   0.0000000e+00   0.0000000e+00   0.0000000e+00   0.0000000e+00   0.0000000e+00   0.0000000e+00   0.0000000e+00   0.0000000e+00   0.0000000e+00   0.0000000e+00   0.0000000e+00   0.0000000e+00   0.0000000e+00   0.0000000e+00   0.0000000e+00   0.0000000e+00   0.0000000e+00   0.0000000e+00   0.0000000e+00   0.0000000e+00   0.0000000e+00   0.0000000e+00   0.0000000e+00   0.0000000e+00   2.3246582e-03   2.1236429e-03   0.0000000e+00   0.0000000e+00   4.2877738e-04   3.1212001e-04   5.1911924e-03   5.8927580e-03   2.8321718e-03   1.8132549e-03   4.0661688e-04   0.0000000e+00   1.1833312e-04   0.0000000e+00   0.0000000e+00   0.0000000e+00   7.8705903e-03   0.0000000e+00   0.0000000e+00   0.0000000e+00   0.0000000e+00   0.0000000e+00   0.0000000e+00   0.0000000e+00   0.0000000e+00   0.0000000e+00   0.0000000e+00   0.0000000e+00   0.0000000e+00   0.0000000e+00   0.0000000e+00   0.0000000e+00   5.5656242e-04   0.0000000e+00   2.6054182e-04   0.0000000e+00   1.2527760e-04   0.0000000e+00   1.7925910e-03   0.0000000e+00   0.0000000e+00   0.0000000e+00   0.0000000e+00   0.0000000e+00   0.0000000e+00   0.0000000e+00   7.5628438e-04   0.0000000e+00
   8.3914477e-04   1.4831543e-03   0.0000000e+00   2.5756832e-04   1.1857480e-04   0.0000000e+00   0.0000000e+00   4.9670812e-03   3.4077797e-03   1.5324427e-02   5.2958103e-03   4.4876591e-04   0.0000000e+00   4.0128629e-04   3.2946371e-03   0.0000000e+00   0.0000000e+00   1.6701059e-03   6.8702206e-05   2.7638523e-03   0.0000000e+00   8.6593439e-03   0.0000000e+00   3.4221647e-03   0.0000000e+00   1.9371967e-03   0.0000000e+00   0.0000000e+00   0.0000000e+00   2.4577359e-03   0.0000000e+00   0.0000000e+00   0.0000000e+00   0.0000000e+00   0.0000000e+00   0.0000000e+00   0.0000000e+00   2.6647456e-04   0.0000000e+00   0.0000000e+00   0.0000000e+00   0.0000000e+00   0.0000000e+00   0.0000000e+00   0.0000000e+00   0.0000000e+00   0.0000000e+00   5.4081211e-04   0.0000000e+00   0.0000000e+00   0.0000000e+00   0.0000000e+00   0.0000000e+00   0.0000000e+00   0.0000000e+00   0.0000000e+00   0.0000000e+00   1.0848547e-04   0.0000000e+00   0.0000000e+00   0.0000000e+00   0.0000000e+00   4.3732966e-04   8.3000973e-04   0.0000000e+00   0.0000000e+00   1.5804557e-04   1.0655314e-03   5.4168129e-04   2.6452986e-03   2.8639416e-04   1.6968495e-03   0.0000000e+00   0.0000000e+00   0.0000000e+00   0.0000000e+00   0.0000000e+00   0.0000000e+00   0.0000000e+00   1.2509541e-02   0.0000000e+00   0.0000000e+00   0.0000000e+00   0.0000000e+00   0.0000000e+00   0.0000000e+00   0.0000000e+00   0.0000000e+00   0.0000000e+00   0.0000000e+00   0.0000000e+00   0.0000000e+00   0.0000000e+00   0.0000000e+00   0.0000000e+00   2.6187146e-04   0.0000000e+00   0.0000000e+00   0.0000000e+00   4.9872098e-04   0.0000000e+00   1.8120383e-04   0.0000000e+00   0.0000000e+00   0.0000000e+00   1.9208905e-04   0.0000000e+00   0.0000000e+00   0.0000000e+00   2.7794916e-04
   0.0000000e+00   0.0000000e+00   5.3417358e-04   0.0000000e+00   0.0000000e+00   8.7931976e-04   0.0000000e+00   7.1437632e-04   0.0000000e+00   0.0000000e+00   0.0000000e+00   0.0000000e+00   0.0000000e+00   0.0000000e+00   1.4239180e-03   0.0000000e+00   0.0000000e+00   0.0000000e+00   1.1301729e-03   0.0000000e+00   0.0000000e+00   0.0000000e+00   6.1241567e-03   0.0000000e+00   4.1372098e-03   0.0000000e+00   7.0214939e-04   0.0000000e+00   1.1183606e-02   0.0000000e+00   0.0000000e+00   0.0000000e+00   9.9481639e-04   0.0000000e+00   0.0000000e+00   0.0000000e+00   1.1162241e-03   0.0000000e+00   8.7439580e-04   0.0000000e+00   0.0000000e+00   0.0000000e+00   0.0000000e+00   0.0000000e+00   0.0000000e+00   0.0000000e+00   8.6247973e-04   0.0000000e+00   5.1292899e-04   0.0000000e+00   0.0000000e+00   0.0000000e+00   0.0000000e+00   0.0000000e+00   0.0000000e+00   0.0000000e+00   2.6896739e-04   0.0000000e+00   0.0000000e+00   0.0000000e+00   0.0000000e+00   0.0000000e+00   0.0000000e+00   0.0000000e+00   0.0000000e+00   0.0000000e+00   0.0000000e+00   0.0000000e+00   0.0000000e+00   0.0000000e+00   0.0000000e+00   0.0000000e+00   0.0000000e+00   0.0000000e+00   3.3113984e-04   0.0000000e+00   0.0000000e+00   0.0000000e+00   2.0221509e-02   0.0000000e+00   0.0000000e+00   0.0000000e+00   0.0000000e+00   0.0000000e+00   0.0000000e+00   0.0000000e+00   0.0000000e+00   0.0000000e+00   0.0000000e+00   0.0000000e+00   0.0000000e+00   0.0000000e+00   0.0000000e+00   0.0000000e+00   1.5556798e-02   0.0000000e+00   8.8255674e-03   0.0000000e+00   7.4882961e-03   0.0000000e+00   9.3028229e-03   0.0000000e+00   7.7505335e-03   0.0000000e+00   6.9467711e-03   0.0000000e+00   0.0000000e+00   0.0000000e+00   1.6338898e-03   0.0000000e+00
   0.0000000e+00   0.0000000e+00   0.0000000e+00   0.0000000e+00   0.0000000e+00   0.0000000e+00   0.0000000e+00   0.0000000e+00   0.0000000e+00   1.2463181e-03   0.0000000e+00   5.7523132e-04   1.1741880e-03   0.0000000e+00   0.0000000e+00   1.6701059e-03   0.0000000e+00   0.0000000e+00   0.0000000e+00   8.6549464e-04   0.0000000e+00   2.1711695e-04   0.0000000e+00   1.6077037e-02   0.0000000e+00   5.3104674e-03   0.0000000e+00   9.9199173e-04   0.0000000e+00   1.1126247e-02   0.0000000e+00   0.0000000e+00   0.0000000e+00   2.0212785e-03   0.0000000e+00   0.0000000e+00   0.0000000e+00   1.2651660e-03   0.0000000e+00   1.3473896e-03   0.0000000e+00   0.0000000e+00   0.0000000e+00   3.5573517e-04   0.0000000e+00   0.0000000e+00   0.0000000e+00   8.3527335e-04   0.0000000e+00   0.0000000e+00   0.0000000e+00   0.0000000e+00   0.0000000e+00   5.4718840e-04   0.0000000e+00   4.1750854e-04   0.0000000e+00   0.0000000e+00   0.0000000e+00   0.0000000e+00   0.0000000e+00   0.0000000e+00   0.0000000e+00   4.9135741e-04   0.0000000e+00   0.0000000e+00   0.0000000e+00   0.0000000e+00   0.0000000e+00   0.0000000e+00   0.0000000e+00   0.0000000e+00   0.0000000e+00   0.0000000e+00   0.0000000e+00   0.0000000e+00   0.0000000e+00   0.0000000e+00   0.0000000e+00   2.4160563e-02   0.0000000e+00   3.6186945e-04   0.0000000e+00   0.0000000e+00   0.0000000e+00   0.0000000e+00   0.0000000e+00   0.0000000e+00   0.0000000e+00   0.0000000e+00   0.0000000e+00   0.0000000e+00   0.0000000e+00   0.0000000e+00   0.0000000e+00   2.9095718e-02   0.0000000e+00   1.4492071e-02   0.0000000e+00   1.5908713e-02   0.0000000e+00   1.3597763e-02   0.0000000e+00   9.5545053e-03   0.0000000e+00   8.7103781e-03   0.0000000e+00   0.0000000e+00   0.0000000e+00   4.8026887e-04
   0.0000000e+00   0.0000000e+00   3.1340897e-03   0.0000000e+00   0.0000000e+00   0.0000000e+00   0.0000000e+00   3.3603138e-04   0.0000000e+00   0.0000000e+00   0.0000000e+00   0.0000000e+00   0.0000000e+00   0.0000000e+00   3.4894923e-03   6.8702206e-05   1.1301729e-03   0.0000000e+00   0.0000000e+00   4.6542392e-04   3.1050779e-03   0.0000000e+00   0.0000000e+00   0.0000000e+00   3.3504455e-04   0.0000000e+00   3.2862592e-03   0.0000000e+00   0.0000000e+00   0.0000000e+00   0.0000000e+00   0.0000000e+00   0.0000000e+00   0.0000000e+00   0.0000000e+00   0.0000000e+00   0.0000000e+00   0.0000000e+00   0.0000000e+00   0.0000000e+00   0.0000000e+00   0.0000000e+00   0.0000000e+00   0.0000000e+00   0.0000000e+00   0.0000000e+00   0.0000000e+00   0.0000000e+00   0.0000000e+00   0.0000000e+00   0.0000000e+00   0.0000000e+00   0.0000000e+00   0.0000000e+00   0.0000000e+00   0.0000000e+00   0.0000000e+00   0.0000000e+00   0.0000000e+00   0.0000000e+00   0.0000000e+00   0.0000000e+00   0.0000000e+00   0.0000000e+00   4.5736748e-03   0.0000000e+00   0.0000000e+00   0.0000000e+00   4.5255334e-03   1.8254863e-03   3.1327415e-03   1.1478694e-03   6.4404323e-04   0.0000000e+00   1.2204444e-04   0.0000000e+00   0.0000000e+00   0.0000000e+00   0.0000000e+00   0.0000000e+00   0.0000000e+00   0.0000000e+00   0.0000000e+00   0.0000000e+00   0.0000000e+00   0.0000000e+00   0.0000000e+00   0.0000000e+00   0.0000000e+00   0.0000000e+00   0.0000000e+00   0.0000000e+00   0.0000000e+00   0.0000000e+00   0.0000000e+00   0.0000000e+00   0.0000000e+00   0.0000000e+00   0.0000000e+00   0.0000000e+00   0.0000000e+00   0.0000000e+00   0.0000000e+00   0.0000000e+00   0.0000000e+00   0.0000000e+00   0.0000000e+00   0.0000000e+00   0.0000000e+00   0.0000000e+00
   6.7455933e-04   0.0000000e+00   1.1272958e-03   0.0000000e+00   0.0000000e+00   0.0000000e+00   0.0000000e+00   0.0000000e+00   0.0000000e+00   7.2191590e-04   3.6445770e-04   0.0000000e+00   0.0000000e+00   0.0000000e+00   4.0821353e-04   2.7638523e-03   0.0000000e+00   8.6549464e-04   4.6542392e-04   0.0000000e+00   0.0000000e+00   1.4203310e-02   0.0000000e+00   7.9107419e-04   0.0000000e+00   2.2666851e-03   0.0000000e+00   3.7045539e-03   0.0000000e+00   0.0000000e+00   0.0000000e+00   0.0000000e+00   0.0000000e+00   0.0000000e+00   0.0000000e+00   0.0000000e+00   0.0000000e+00   0.0000000e+00   0.0000000e+00   0.0000000e+00   0.0000000e+00   0.0000000e+00   0.0000000e+00   0.0000000e+00   0.0000000e+00   0.0000000e+00   0.0000000e+00   0.0000000e+00   0.0000000e+00   0.0000000e+00   0.0000000e+00   0.0000000e+00   0.0000000e+00   0.0000000e+00   0.0000000e+00   0.0000000e+00   0.0000000e+00   0.0000000e+00   0.0000000e+00   0.0000000e+00   0.0000000e+00   0.0000000e+00   0.0000000e+00   0.0000000e+00   0.0000000e+00   1.9663367e-03   0.0000000e+00   0.0000000e+00   1.7307968e-04   4.0058969e-03   2.7835332e-04   1.0319066e-03   0.0000000e+00   3.6503843e-05   0.0000000e+00   0.0000000e+00   0.0000000e+00   0.0000000e+00   0.0000000e+00   0.0000000e+00   0.0000000e+00   0.0000000e+00   0.0000000e+00   0.0000000e+00   0.0000000e+00   0.0000000e+00   0.0000000e+00   0.0000000e+00   0.0000000e+00   0.0000000e+00   0.0000000e+00   0.0000000e+00   0.0000000e+00   0.0000000e+00   0.0000000e+00   0.0000000e+00   0.0000000e+00   1.9914366e-04   0.0000000e+00   0.0000000e+00   0.0000000e+00   0.0000000e+00   0.0000000e+00   0.0000000e+00   0.0000000e+00   0.0000000e+00   0.0000000e+00   0.0000000e+00   0.0000000e+00   0.0000000e+00
   0.0000000e+00   0.0000000e+00   6.5294732e-04   0.0000000e+00   0.0000000e+00   0.0000000e+00   0.0000000e+00   0.0000000e+00   0.0000000e+00   0.0000000e+00   0.0000000e+00   0.0000000e+00   0.0000000e+00   0.0000000e+00   5.1536528e-03   0.0000000e+00   0.0000000e+00   0.0000000e+00   3.1050779e-03   0.0000000e+00   0.0000000e+00   0.0000000e+00   3.1953084e-03   0.0000000e+00   4.6047436e-03   0.0000000e+00   1.3141958e-02   0.0000000e+00   0.0000000e+00   0.0000000e+00   0.0000000e+00   0.0000000e+00   0.0000000e+00   0.0000000e+00   0.0000000e+00   0.0000000e+00   0.0000000e+00   0.0000000e+00   0.0000000e+00   0.0000000e+00   0.0000000e+00   0.0000000e+00   0.0000000e+00   0.0000000e+00   0.0000000e+00   0.0000000e+00   1.3691248e-04   0.0000000e+00   0.0000000e+00   0.0000000e+00   0.0000000e+00   0.0000000e+00   3.5554923e-04   0.0000000e+00   1.9909976e-03   0.0000000e+00   1.3677686e-04   0.0000000e+00   0.0000000e+00   0.0000000e+00   0.0000000e+00   0.0000000e+00   0.0000000e+00   0.0000000e+00   0.0000000e+00   0.0000000e+00   0.0000000e+00   0.0000000e+00   0.0000000e+00   0.0000000e+00   0.0000000e+00   0.0000000e+00   0.0000000e+00   0.0000000e+00   0.0000000e+00   0.0000000e+00   0.0000000e+00   0.0000000e+00   0.0000000e+00   0.0000000e+00   0.0000000e+00   0.0000000e+00   0.0000000e+00   0.0000000e+00   0.0000000e+00   0.0000000e+00   0.0000000e+00   0.0000000e+00   0.0000000e+00   0.0000000e+00   0.0000000e+00   0.0000000e+00   0.0000000e+00   0.0000000e+00   0.0000000e+00   0.0000000e+00   0.0000000e+00   0.0000000e+00   0.0000000e+00   0.0000000e+00   0.0000000e+00   0.0000000e+00   0.0000000e+00   0.0000000e+00   0.0000000e+00   0.0000000e+00   0.0000000e+00   0.0000000e+00   0.0000000e+00   0.0000000e+00
   0.0000000e+00   0.0000000e+00   0.0000000e+00   0.0000000e+00   0.0000000e+00   0.0000000e+00   0.0000000e+00   0.0000000e+00   0.0000000e+00   3.2471316e-04   0.0000000e+00   0.0000000e+00   0.0000000e+00   0.0000000e+00   0.0000000e+00   8.6593439e-03   0.0000000e+00   2.1711695e-04   0.0000000e+00   1.4203310e-02   0.0000000e+00   0.0000000e+00   0.0000000e+00   5.9008596e-03   0.0000000e+00   5.4146686e-03   0.0000000e+00   1.4850401e-02   0.0000000e+00   0.0000000e+00   0.0000000e+00   0.0000000e+00   0.0000000e+00   0.0000000e+00   0.0000000e+00   0.0000000e+00   0.0000000e+00   0.0000000e+00   0.0000000e+00   0.0000000e+00   0.0000000e+00   0.0000000e+00   0.0000000e+00   0.0000000e+00   0.0000000e+00   0.0000000e+00   0.0000000e+00   1.9012129e-04   0.0000000e+00   0.0000000e+00   0.0000000e+00   0.0000000e+00   0.0000000e+00   0.0000000e+00   0.0000000e+00   9.1211164e-04   0.0000000e+00   3.4787573e-04   0.0000000e+00   0.0000000e+00   0.0000000e+00   0.0000000e+00   0.0000000e+00   0.0000000e+00   0.0000000e+00   0.0000000e+00   0.0000000e+00   0.0000000e+00   0.0000000e+00   2.7956817e-04   0.0000000e+00   2.8520463e-04   0.0000000e+00   0.0000000e+00   0.0000000e+00   0.0000000e+00   0.0000000e+00   0.0000000e+00   0.0000000e+00   0.0000000e+00   0.0000000e+00   0.0000000e+00   0.0000000e+00   0.0000000e+00   0.0000000e+00   0.0000000e+00   0.0000000e+00   0.0000000e+00   0.0000000e+00   0.0000000e+00   0.0000000e+00   0.0000000e+00   0.0000000e+00   0.0000000e+00   0.0000000e+00   0.0000000e+00   0.0000000e+00   0.0000000e+00   0.0000000e+00   4.5067243e-04   0.0000000e+00   0.0000000e+00   0.0000000e+00   0.0000000e+00   0.0000000e+00   3.6371825e-04   0.0000000e+00   0.0000000e+00   0.0000000e+00   0.0000000e+00
