   0.0000000e+00   1.2958662e-02   5.1642964e-04   6.6136425e-03   6.1709860e-03   0.0000000e+00   9.5678520e-04   8.3122914e-03   3.9939202e-04   1.9817285e-02   6.7113832e-04   4.4765958e-04   0.0000000e+00   0.0000000e+00   0.0000000e+00   0.0000000e+00   0.0000000e+00   7.4912897e-03   0.0000000e+00   0.0000000e+00   0.0000000e+00   0.0000000e+00   0.0000000e+00   0.0000000e+00   0.0000000e+00   0.0000000e+00   0.0000000e+00   0.0000000e+00   0.0000000e+00   0.0000000e+00   0.0000000e+00   0.0000000e+00   0.0000000e+00   0.0000000e+00   0.0000000e+00   0.0000000e+00   0.0000000e+00   0.0000000e+00   0.0000000e+00   0.0000000e+00   0.0000000e+00   0.0000000e+00   0.0000000e+00   0.0000000e+00   0.0000000e+00   0.0000000e+00   0.0000000e+00   0.0000000e+00   0.0000000e+00   0.0000000e+00   0.0000000e+00   0.0000000e+00   0.0000000e+00   0.0000000e+00   0.0000000e+00   0.0000000e+00   0.0000000e+00   0.0000000e+00   0.0000000e+00   0.0000000e+00   0.0000000e+00   0.0000000e+00   0.0000000e+00   0.0000000e+00   0.0000000e+00   0.0000000e+00   9.5677084e-05   1.6902944e-04   0.0000000e+00   0.0000000e+00   0.0000000e+00   0.0000000e+00   3.6946759e-04   0.0000000e+00   0.0000000e+00   0.0000000e+00   0.0000000e+00   0.0000000e+00   0.0000000e+00   0.0000000e+00   0.0000000e+00   0.0000000e+00   1.7832561e-03   0.0000000e+00   1.0745685e-02   0.0000000e+00   0.0000000e+00   0.0000000e+00   2.9666300e-04   0.0000000e+00   3.6853064e-03   0.0000000e+00   8.0390646e-03   0.0000000e+00   0.0000000e+00   0.0000000e+00   0.0000000e+00   0.0000000e+00   0.0000000e+00   0.0000000e+00   0.0000000e+00   0.0000000e+00   0.0000000e+00   0.0000000e+00   0.0000000e+00   0.0000000e+00   0.0000000e+00   0.0000000e+00   0.0000000e+00   0.0000000e+00
   1.2958662e-02   0.0000000e+00   1.6836228e-03   1.2321436e-02   1.3413156e-03   0.0000000e+00   7.7577755e-03   2.3231867e-04   4.0184201e-03   2.0977727e-02   3.9930982e-03   3.2355519e-03   1.1797973e-02   0.0000000e+00   0.0000000e+00   0.0000000e+00   0.0000000e+00   4.4163135e-03   1.1999680e-03   0.0000000e+00   0.0000000e+00   0.0000000e+00   0.0000000e+00   0.0000000e+00   0.0000000e+00   0.0000000e+00   0.0000000e+00   7.9771962e-04   0.0000000e+00   0.0000000e+00   0.0000000e+00   0.0000000e+00   0.0000000e+00   0.0000000e+00   0.0000000e+00   0.0000000e+00   0.0000000e+00   0.0000000e+00   0.0000000e+00   0.0000000e+00   0.0000000e+00   0.0000000e+00   0.0000000e+00   0.0000000e+00   0.0000000e+00   0.0000000e+00   0.0000000e+00   0.0000000e+00   0.0000000e+00   0.0000000e+00   0.0000000e+00   0.0000000e+00   0.0000000e+00   0.0000000e+00   0.0000000e+00   0.0000000e+00   0.0000000e+00   0.0000000e+00   0.0000000e+00   0.0000000e+00   0.0000000e+00   0.0000000e+00   0.0000000e+00   0.0000000e+00   0.0000000e+00   3.5360364e-03   2.0403001e-03   0.0000000e+00   0.0000000e+00   0.0000000e+00   9.6297430e-04   0.0000000e+00   0.0000000e+00   5.2918515e-04   0.0000000e+00   0.0000000e+00   0.0000000e+00   0.0000000e+00   0.0000000e+00   0.0000000e+00   0.0000000e+00   0.0000000e+00   0.0000000e+00   1.0608958e-03   2.9954372e-03   0.0000000e+00   0.0000000e+00   0.0000000e+00   0.0000000e+00   0.0000000e+00   9.1022845e-04   0.0000000e+00   1.3628824e-03   0.0000000e+00   0.0000000e+00   0.0000000e+00   0.0000000e+00   0.0000000e+00   0.0000000e+00   0.0000000e+00   0.0000000e+00   0.0000000e+00   0.0000000e+00   0.0000000e+00   0.0000000e+00   0.0000000e+00   0.0000000e+00   0.0000000e+00   0.0000000e+00   0.0000000e+00
   5.1642964e-04   1.6836228e-03   0.0000000e+00   9.5988340e-03   2.2201484e-03   5.5488982e-03   1.2868174e-03   5.0793885e-04   1.6134055e-03   3.9117383e-03   0.0000000e+00   6.8977073e-04   3.0376490e-03   0.0000000e+00   2.1102692e-04   1.6035645e-04   1.3322582e-02   0.0000000e+00   7.7182203e-03   9.2153324e-04   3.8011008e-04   0.0000000e+00   2.5732365e-03   0.0000000e+00   2.1621921e-03   0.0000000e+00   1.8504849e-03   1.9842207e-03   5.9237242e-04   0.0000000e+00   0.0000000e+00   0.0000000e+00   4.9464989e-04   0.0000000e+00   0.0000000e+00   0.0000000e+00   3.0167302e-04   0.0000000e+00   0.0000000e+00   0.0000000e+00   0.0000000e+00   0.0000000e+00   0.0000000e+00   0.0000000e+00   0.0000000e+00   0.0000000e+00   6.9251738e-04   0.0000000e+00   0.0000000e+00   0.0000000e+00   0.0000000e+00   0.0000000e+00   0.0000000e+00   0.0000000e+00   0.0000000e+00   0.0000000e+00   0.0000000e+00   0.0000000e+00   0.0000000e+00   0.0000000e+00   0.0000000e+00   0.0000000e+00   0.0000000e+00   0.0000000e+00   1.5494400e-02   1.3476283e-02   0.0000000e+00   0.0000000e+00   1.1829741e-03   2.1170871e-03   3.0871818e-03   5.8515562e-04   4.6984070e-04   0.0000000e+00   0.0000000e+00   0.0000000e+00   0.0000000e+00   0.0000000e+00   0.0000000e+00   0.0000000e+00   0.0000000e+00   0.0000000e+00   0.0000000e+00   1.0928831e-03   0.0000000e+00   0.0000000e+00   0.0000000e+00   0.0000000e+00   0.0000000e+00   0.0000000e+00   0.0000000e+00   0.0000000e+00   0.0000000e+00   0.0000000e+00   9.5682770e-03   0.0000000e+00   2.4762317e-03   0.0000000e+00   0.0000000e+00   0.0000000e+00   1.2989770e-03   0.0000000e+00   0.0000000e+00   0.0000000e+00   0.0000000e+00   0.0000000e+00   0.0000000e+00   0.0000000e+00   0.0000000e+00   0.0000000e+00
   6.6136425e-03   1.2321436e-02   9.5988340e-03   0.0000000e+00   1.5926168e-04   1.2890406e-03   1.3709341e-03   2.0622861e-03   1.5483988e-03   3.8035016e-02   1.0237628e-02   1.3867085e-02   2.2702634e-02   0.0000000e+00   0.0000000e+00   2.5054171e-04   0.0000000e+00   7.8154455e-03   5.9259994e-04   2.9986716e-04   0.0000000e+00   0.0000000e+00   0.0000000e+00   0.0000000e+00   0.0000000e+00   0.0000000e+00   1.8716974e-03   2.3058863e-03   0.0000000e+00   0.0000000e+00   0.0000000e+00   0.0000000e+00   0.0000000e+00   0.0000000e+00   0.0000000e+00   0.0000000e+00   0.0000000e+00   0.0000000e+00   0.0000000e+00   0.0000000e+00   0.0000000e+00   0.0000000e+00   0.0000000e+00   0.0000000e+00   0.0000000e+00   0.0000000e+00   0.0000000e+00   0.0000000e+00   0.0000000e+00   0.0000000e+00   0.0000000e+00   0.0000000e+00   0.0000000e+00   0.0000000e+00   0.0000000e+00   0.0000000e+00   0.0000000e+00   0.0000000e+00   0.0000000e+00   0.0000000e+00   0.0000000e+00   0.0000000e+00   0.0000000e+00   0.0000000e+00   4.7069760e-03   1.5469662e-02   0.0000000e+00   0.0000000e+00   1.2759601e-03   1.0261242e-03   3.0644595e-03   4.6548835e-04   4.8366188e-03   4.4558761e-04   0.0000000e+00   0.0000000e+00   0.0000000e+00   0.0000000e+00   0.0000000e+00   5.1581852e-04   0.0000000e+00   0.0000000e+00   0.0000000e+00   3.5077149e-03   0.0000000e+00   0.0000000e+00   0.0000000e+00   0.0000000e+00   0.0000000e+00   0.0000000e+00   0.0000000e+00   0.0000000e+00   0.0000000e+00   0.0000000e+00   0.0000000e+00   9.2785822e-03   0.0000000e+00   0.0000000e+00   0.0000000e+00   0.0000000e+00   0.0000000e+00   0.0000000e+00   0.0000000e+00   0.0000000e+00   0.0000000e+00   0.0000000e+00   0.0000000e+00   0.0000000e+00   0.0000000e+00   0.0000000e+00
   6.1709860e-03   1.3413156e-03   2.2201484e-03   1.5926168e-04   0.0000000e+00   2.2876732e-03   0.0000000e+00   1.0062158e-03   0.0000000e+00   0.0000000e+00   0.0000000e+00   1.1103407e-02   0.0000000e+00   0.0000000e+00   3.7486475e-03   2.5317764e-04   2.9647985e-03   0.0000000e+00   1.5137881e-03   1.0269585e-03   0.0000000e+00   0.0000000e+00   0.0000000e+00   0.0000000e+00   0.0000000e+00   0.0000000e+00   3.3154313e-03   3.2589949e-04   2.6564534e-03   8.7578344e-04   1.2689809e-02   0.0000000e+00   7.6057495e-03   0.0000000e+00   5.4144042e-03   1.0891599e-03   1.3437213e-03   5.3831563e-04   0.0000000e+00   0.0000000e+00   0.0000000e+00   1.3496306e-03   0.0000000e+00   7.1984176e-03   0.0000000e+00   0.0000000e+00   2.8073607e-03   0.0000000e+00   0.0000000e+00   0.0000000e+00   0.0000000e+00   0.0000000e+00   0.0000000e+00   0.0000000e+00   0.0000000e+00   0.0000000e+00   0.0000000e+00   0.0000000e+00   0.0000000e+00   0.0000000e+00   0.0000000e+00   3.6707569e-04   0.0000000e+00   0.0000000e+00   1.1340772e-02   1.3006115e-03   6.0297240e-04   9.8120014e-04   2.4331288e-03   8.7840114e-04   1.5232861e-03   0.0000000e+00   1.8358800e-03   0.0000000e+00   7.1652568e-04   0.0000000e+00   0.0000000e+00   6.5800573e-04   6.0061021e-03   1.8928645e-03   2.9397068e-03   7.6157710e-04   4.8649216e-03   0.0000000e+00   1.3917282e-02   3.7108267e-04   3.4485599e-04   0.0000000e+00   3.1762749e-03   7.7043128e-03   1.8666686e-02   0.0000000e+00   1.6293235e-02   0.0000000e+00   0.0000000e+00   0.0000000e+00   0.0000000e+00   0.0000000e+00   0.0000000e+00   0.0000000e+00   8.5853940e-03   0.0000000e+00   1.3992623e-03   0.0000000e+00   7.0143067e-04   0.0000000e+00   0.0000000e+00   0.0000000e+00   0.0000000e+00   0.0000000e+00
   0.0000000e+00   0.0000000e+00   5.5488982e-03   1.2890406e-03   2.2876732e-03   0.0000000e+00   0.0000000e+00   0.0000000e+00   0.0000000e+00   0.0000000e+00   0.0000000e+00   2.6449733e-03   7.6632067e-03   0.0000000e+00   3.2562841e-03   1.8687076e-03   5.0019369e-03   8.1123413e-04   9.8176537e-03   7.4018575e-03   0.0000000e+00   0.0000000e+00   0.0000000e+00   0.0000000e+00   0.0000000e+00   0.0000000e+00   3.2463949e-03   4.7065286e-04   7.0062466e-04   0.0000000e+00   0.0000000e+00   0.0000000e+00   0.0000000e+00   0.0000000e+00   0.0000000e+00   0.0000000e+00   0.0000000e+00   0.0000000e+00   0.0000000e+00   0.0000000e+00   0.0000000e+00   0.0000000e+00   0.0000000e+00   0.0000000e+00   0.0000000e+00   0.0000000e+00   2.7191799e-03   0.0000000e+00   0.0000000e+00   0.0000000e+00   0.0000000e+00   0.0000000e+00   0.0000000e+00   0.0000000e+00   0.0000000e+00   0.0000000e+00   0.0000000e+00   0.0000000e+00   0.0000000e+00   0.0000000e+00   0.0000000e+00   4.9939492e-04   0.0000000e+00   0.0000000e+00   2.9458518e-02   6.8192025e-03   5.0184916e-04   0.0000000e+00   7.3385154e-03   6.2228925e-04   3.6404503e-03   0.0000000e+00   3.2784916e-03   0.0000000e+00   6.2916039e-04   0.0000000e+00   0.0000000e+00   9.0331313e-04   1.7307191e-03   1.4665283e-02   1.9283312e-03   3.3287081e-03   6.1687973e-03   0.0000000e+00   5.3278547e-04   0.0000000e+00   3.3500333e-04   0.0000000e+00   1.3804123e-03   0.0000000e+00   1.5496825e-03   0.0000000e+00   1.6380645e-03   0.0000000e+00   0.0000000e+00   0.0000000e+00   0.0000000e+00   0.0000000e+00   0.0000000e+00   0.0000000e+00   0.0000000e+00   0.0000000e+00   0.0000000e+00   0.0000000e+00   0.0000000e+00   0.0000000e+00   0.0000000e+00   0.0000000e+00   0.0000000e+00   0.0000000e+00
   9.5678520e-04   7.7577755e-03   1.2868174e-03   1.3709341e-03   0.0000000e+00   0.0000000e+00   0.0000000e+00   0.0000000e+00   0.0000000e+00   0.0000000e+00   0.0000000e+00   0.0000000e+00   0.0000000e+00   0.0000000e+00   0.0000000e+00   0.0000000e+00   0.0000000e+00   0.0000000e+00   0.0000000e+00   0.0000000e+00   0.0000000e+00   0.0000000e+00   0.0000000e+00   0.0000000e+00   0.0000000e+00   0.0000000e+00   0.0000000e+00   0.0000000e+00   0.0000000e+00   0.0000000e+00   0.0000000e+00   0.0000000e+00   0.0000000e+00   0.0000000e+00   0.0000000e+00   0.0000000e+00   0.0000000e+00   0.0000000e+00   0.0000000e+00   0.0000000e+00   0.0000000e+00   0.0000000e+00   0.0000000e+00   0.0000000e+00   0.0000000e+00   0.0000000e+00   0.0000000e+00   0.0000000e+00   0.0000000e+00   0.0000000e+00   0.0000000e+00   0.0000000e+00   0.0000000e+00   0.0000000e+00   0.0000000e+00   0.0000000e+00   0.0000000e+00   0.0000000e+00   0.0000000e+00   0.0000000e+00   0.0000000e+00   0.0000000e+00   0.0000000e+00   0.0000000e+00   0.0000000e+00   0.0000000e+00   1.1006123e-03   0.0000000e+00   0.0000000e+00   0.0000000e+00   0.0000000e+00   0.0000000e+00   0.0000000e+00   0.0000000e+00   0.0000000e+00   0.0000000e+00   0.0000000e+00   0.0000000e+00   0.0000000e+00   0.0000000e+00   0.0000000e+00   0.0000000e+00   0.0000000e+00   0.0000000e+00   0.0000000e+00   0.0000000e+00   0.0000000e+00   0.0000000e+00   0.0000000e+00   0.0000000e+00   0.0000000e+00   0.0000000e+00   0.0000000e+00   0.0000000e+00   0.0000000e+00   0.0000000e+00   0.0000000e+00   0.0000000e+00   0.0000000e+00   0.0000000e+00   0.0000000e+00   0.0000000e+00   0.0000000e+00   0.0000000e+00   0.0000000e+00   0.0000000e+00   0.0000000e+00   0.0000000e+00   0.0000000e+00   0.0000000e+00
   8.3122914e-03   2.3231867e-04   5.0793885e-04   2.0622861e-03   1.0062158e-03   0.0000000e+00   0.0000000e+00   0.0000000e+00   7.2196468e-03   8.0403898e-03   2.4646607e-03   2.0213696e-03   0.0000000e+00   3.5419608e-03   0.0000000e+00   5.3158186e-04   0.0000000e+00   2.2737326e-03   0.0000000e+00   0.0000000e+00   0.0000000e+00   0.0000000e+00   0.0000000e+00   0.0000000e+00   0.0000000e+00   0.0000000e+00   0.0000000e+00   0.0000000e+00   0.0000000e+00   3.9801269e-04   0.0000000e+00   0.0000000e+00   0.0000000e+00   0.0000000e+00   0.0000000e+00   0.0000000e+00   0.0000000e+00   0.0000000e+00   0.0000000e+00   0.0000000e+00   0.0000000e+00   3.2555373e-04   0.0000000e+00   1.7338670e-04   0.0000000e+00   0.0000000e+00   0.0000000e+00   0.0000000e+00   0.0000000e+00   0.0000000e+00   0.0000000e+00   0.0000000e+00   0.0000000e+00   0.0000000e+00   0.0000000e+00   0.0000000e+00   0.0000000e+00   0.0000000e+00   0.0000000e+00   0.0000000e+00   0.0000000e+00   1.0738580e-03   4.5427294e-04   0.0000000e+00   0.0000000e+00   0.0000000e+00   8.6469074e-04   5.8233880e-03   4.4061047e-04   1.0642648e-03   1.5137732e-04   3.3285629e-03   8.6807500e-04   1.9302183e-03   0.0000000e+00   1.1116171e-03   0.0000000e+00   0.0000000e+00   0.0000000e+00   1.1716297e-03   0.0000000e+00   0.0000000e+00   1.0319263e-03   1.0875091e-02   8.0754472e-03   3.2805554e-03   0.0000000e+00   0.0000000e+00   1.5920869e-04   2.3098454e-04   1.2555175e-03   0.0000000e+00   5.5912971e-03   0.0000000e+00   0.0000000e+00   0.0000000e+00   0.0000000e+00   0.0000000e+00   0.0000000e+00   0.0000000e+00   0.0000000e+00   0.0000000e+00   0.0000000e+00   0.0000000e+00   0.0000000e+00   0.0000000e+00   0.0000000e+00   0.0000000e+00   0.0000000e+00   0.0000000e+00
   3.9939202e-04   4.0184201e-03   1.6134055e-03   1.5483988e-03   0.0000000e+00   0.0000000e+00   0.0000000e+00   7.2196468e-03   0.0000000e+00   4.3308234e-03   4.6577832e-04   9.7443270e-04   0.0000000e+00   8.0346566e-03   0.0000000e+00   0.0000000e+00   0.0000000e+00   1.1047826e-03   0.0000000e+00   0.0000000e+00   0.0000000e+00   0.0000000e+00   0.0000000e+00   0.0000000e+00   0.0000000e+00   0.0000000e+00   0.0000000e+00   0.0000000e+00   0.0000000e+00   0.0000000e+00   0.0000000e+00   0.0000000e+00   0.0000000e+00   0.0000000e+00   0.0000000e+00   0.0000000e+00   0.0000000e+00   0.0000000e+00   0.0000000e+00   0.0000000e+00   0.0000000e+00   0.0000000e+00   0.0000000e+00   0.0000000e+00   0.0000000e+00   0.0000000e+00   0.0000000e+00   0.0000000e+00   0.0000000e+00   0.0000000e+00   0.0000000e+00   0.0000000e+00   0.0000000e+00   0.0000000e+00   0.0000000e+00   0.0000000e+00   0.0000000e+00   0.0000000e+00   0.0000000e+00   0.0000000e+00   0.0000000e+00   0.0000000e+00   0.0000000e+00   0.0000000e+00   0.0000000e+00   1.8069434e-04   2.0751957e-04   4.1867708e-03   0.0000000e+00   1.5540264e-03   2.5924664e-04   4.3424201e-03   0.0000000e+00   2.9086939e-04   0.0000000e+00   0.0000000e+00   0.0000000e+00   0.0000000e+00   0.0000000e+00   4.0582771e-04   0.0000000e+00   0.0000000e+00   0.0000000e+00   0.0000000e+00   0.0000000e+00   3.6177007e-04   0.0000000e+00   0.0000000e+00   0.0000000e+00   0.0000000e+00   0.0000000e+00   0.0000000e+00   0.0000000e+00   0.0000000e+00   0.0000000e+00   0.0000000e+00   0.0000000e+00   0.0000000e+00   0.0000000e+00   0.0000000e+00   0.0000000e+00   0.0000000e+00   0.0000000e+00   0.0000000e+00   0.0000000e+00   0.0000000e+00   0.0000000e+00   0.0000000e+00   0.0000000e+00   0.0000000e+00
   1.9817285e-02   2.0977727e-02   3.9117383e-03   3.8035016e-02   0.0000000e+00   0.0000000e+00   0.0000000e+00   8.0403898e-03   4.3308234e-03   0.0000000e+00   5.0185080e-03   2.8135070e-03   2.3152953e-03   6.5436793e-04   0.0000000e+00   2.2924312e-04   0.0000000e+00   8.8469504e-03   3.9067662e-04   1.8533103e-03   0.0000000e+00   0.0000000e+00   0.0000000e+00   0.0000000e+00   0.0000000e+00   0.0000000e+00   0.0000000e+00   0.0000000e+00   0.0000000e+00   2.6940566e-04   0.0000000e+00   0.0000000e+00   0.0000000e+00   0.0000000e+00   0.0000000e+00   0.0000000e+00   0.0000000e+00   0.0000000e+00   0.0000000e+00   0.0000000e+00   0.0000000e+00   1.8815505e-03   0.0000000e+00   0.0000000e+00   0.0000000e+00   0.0000000e+00   0.0000000e+00   0.0000000e+00   0.0000000e+00   0.0000000e+00   0.0000000e+00   0.0000000e+00   0.0000000e+00   0.0000000e+00   0.0000000e+00   0.0000000e+00   0.0000000e+00   0.0000000e+00   0.0000000e+00   0.0000000e+00   0.0000000e+00   0.0000000e+00   0.0000000e+00   0.0000000e+00   3.7530148e-04   0.0000000e+00   0.0000000e+00   1.0458403e-03   8.9133644e-04   7.9509456e-04   0.0000000e+00   0.0000000e+00   0.0000000e+00   0.0000000e+00   0.0000000e+00   6.7130471e-04   0.0000000e+00   5.5825719e-04   2.5641435e-04   1.5433669e-03   0.0000000e+00   0.0000000e+00   0.0000000e+00   1.1311287e-03   0.0000000e+00   0.0000000e+00   0.0000000e+00   8.8986931e-04   0.0000000e+00   3.6015896e-04   0.0000000e+00   0.0000000e+00   0.0000000e+00   0.0000000e+00   0.0000000e+00   1.8654830e-03   0.0000000e+00   0.0000000e+00   0.0000000e+00   0.0000000e+00   0.0000000e+00   0.0000000e+00   0.0000000e+00   3.9405688e-04   0.0000000e+00   0.0000000e+00   0.0000000e+00   0.0000000e+00   0.0000000e+00   0.0000000e+00
   6.7113832e-04   3.9930982e-03   0.0000000e+00   1.0237628e-02   0.0000000e+00   0.0000000e+00   0.0000000e+00   2.4646607e-03   4.6577832e-04   5.0185080e-03   0.0000000e+00   2.4211646e-03   9.5107320e-04   1.6751331e-03   0.0000000e+00   5.6033505e-05   0.0000000e+00   2.8034943e-03   0.0000000e+00   0.0000000e+00   0.0000000e+00   0.0000000e+00   0.0000000e+00   0.0000000e+00   0.0000000e+00   0.0000000e+00   0.0000000e+00   0.0000000e+00   0.0000000e+00   1.4578780e-04   0.0000000e+00   0.0000000e+00   0.0000000e+00   0.0000000e+00   0.0000000e+00   0.0000000e+00   0.0000000e+00   0.0000000e+00   0.0000000e+00   0.0000000e+00   0.0000000e+00   3.1278058e-03   0.0000000e+00   0.0000000e+00   0.0000000e+00   0.0000000e+00   0.0000000e+00   0.0000000e+00   0.0000000e+00   0.0000000e+00   0.0000000e+00   0.0000000e+00   0.0000000e+00   0.0000000e+00   0.0000000e+00   0.0000000e+00   0.0000000e+00   0.0000000e+00   0.0000000e+00   0.0000000e+00   0.0000000e+00   0.0000000e+00   0.0000000e+00   0.0000000e+00   0.0000000e+00   0.0000000e+00   0.0000000e+00   3.8880173e-04   0.0000000e+00   0.0000000e+00   0.0000000e+00   0.0000000e+00   0.0000000e+00   0.0000000e+00   0.0000000e+00   0.0000000e+00   0.0000000e+00   0.0000000e+00   0.0000000e+00   3.8794182e-04   0.0000000e+00   0.0000000e+00   0.0000000e+00   2.1882251e-03   0.0000000e+00   0.0000000e+00   0.0000000e+00   2.9684596e-03   0.0000000e+00   1.2174629e-03   0.0000000e+00   0.0000000e+00   0.0000000e+00   0.0000000e+00   0.0000000e+00   2.0917528e-03   0.0000000e+00   0.0000000e+00   0.0000000e+00   0.0000000e+00   0.0000000e+00   0.0000000e+00   0.0000000e+00   0.0000000e+00   0.0000000e+00   0.0000000e+00   0.0000000e+00   0.0000000e+00   0.0000000e+00   0.0000000e+00
   4.4765958e-04   3.2355519e-03   6.8977073e-04   1.3867085e-02   1.1103407e-02   2.6449733e-03   0.0000000e+00   2.0213696e-03   9.7443270e-04   2.8135070e-03   2.4211646e-03   0.0000000e+00   9.1098618e-04   0.0000000e+00   0.0000000e+00   2.1016829e-03   0.0000000e+00   1.1102241e-03   0.0000000e+00   1.0889635e-02   0.0000000e+00   9.1169120e-04   0.0000000e+00   0.0000000e+00   0.0000000e+00   0.0000000e+00   0.0000000e+00   2.2719484e-03   0.0000000e+00   3.4095968e-03   0.0000000e+00   0.0000000e+00   0.0000000e+00   0.0000000e+00   0.0000000e+00   5.7897326e-04   0.0000000e+00   0.0000000e+00   0.0000000e+00   0.0000000e+00   0.0000000e+00   6.7907928e-03   0.0000000e+00   1.7584527e-03   0.0000000e+00   0.0000000e+00   0.0000000e+00   0.0000000e+00   0.0000000e+00   0.0000000e+00   0.0000000e+00   0.0000000e+00   0.0000000e+00   0.0000000e+00   0.0000000e+00   0.0000000e+00   0.0000000e+00   0.0000000e+00   0.0000000e+00   0.0000000e+00   3.6709091e-04   4.3399474e-04   0.0000000e+00   0.0000000e+00   0.0000000e+00   3.8746001e-03   0.0000000e+00   4.7379084e-04   0.0000000e+00   2.1696446e-03   0.0000000e+00   6.0119696e-03   1.6889897e-03   1.2210250e-03   0.0000000e+00   0.0000000e+00   0.0000000e+00   4.9992351e-04   0.0000000e+00   5.8863030e-03   8.5114034e-04   4.0153990e-03   1.0032927e-03   9.3936787e-03   1.0380312e-02   4.7475942e-03   0.0000000e+00   2.9509156e-03   0.0000000e+00   8.3535590e-03   6.0366954e-04   3.9973916e-03   9.6863504e-03   1.0705980e-03   0.0000000e+00   1.2714426e-03   0.0000000e+00   6.8775085e-04   0.0000000e+00   0.0000000e+00   0.0000000e+00   0.0000000e+00   0.0000000e+00   0.0000000e+00   0.0000000e+00   0.0000000e+00   0.0000000e+00   0.0000000e+00   1.8391445e-04   0.0000000e+00
   0.0000000e+00   1.1797973e-02   3.0376490e-03   2.2702634e-02   0.0000000e+00   7.6632067e-03   0.0000000e+00   0.0000000e+00   0.0000000e+00   2.3152953e-03   9.5107320e-04   9.1098618e-04   0.0000000e+00   0.0000000e+00   0.0000000e+00   1.4491780e-02   0.0000000e+00   4.7024859e-03   9.5011490e-04   3.7549657e-02   0.0000000e+00   7.0177829e-03   0.0000000e+00   2.3180921e-03   0.0000000e+00   0.0000000e+00   0.0000000e+00   6.1734824e-03   0.0000000e+00   7.3284693e-04   0.0000000e+00   0.0000000e+00   0.0000000e+00   0.0000000e+00   0.0000000e+00   0.0000000e+00   0.0000000e+00   0.0000000e+00   0.0000000e+00   0.0000000e+00   0.0000000e+00   0.0000000e+00   0.0000000e+00   0.0000000e+00   0.0000000e+00   0.0000000e+00   0.0000000e+00   0.0000000e+00   0.0000000e+00   0.0000000e+00   0.0000000e+00   0.0000000e+00   0.0000000e+00   0.0000000e+00   0.0000000e+00   0.0000000e+00   0.0000000e+00   0.0000000e+00   0.0000000e+00   0.0000000e+00   0.0000000e+00   0.0000000e+00   0.0000000e+00   0.0000000e+00   3.2611262e-03   6.7631932e-03   0.0000000e+00   0.0000000e+00   1.4712416e-03   7.2028523e-04   1.6052498e-03   6.6076654e-04   4.4330371e-04   0.0000000e+00   0.0000000e+00   0.0000000e+00   0.0000000e+00   0.0000000e+00   3.1012091e-04   1.0853386e-02   1.9841779e-03   1.9129910e-03   0.0000000e+00   2.1320376e-03   0.0000000e+00   0.0000000e+00   0.0000000e+00   0.0000000e+00   0.0000000e+00   0.0000000e+00   0.0000000e+00   0.0000000e+00   0.0000000e+00   0.0000000e+00   0.0000000e+00   6.7334553e-03   0.0000000e+00   2.1030162e-03   0.0000000e+00   0.0000000e+00   0.0000000e+00   0.0000000e+00   0.0000000e+00   0.0000000e+00   0.0000000e+00   0.0000000e+00   0.0000000e+00   0.0000000e+00   0.0000000e+00   0.0000000e+00
   0.0000000e+00   0.0000000e+00   0.0000000e+00   0.0000000e+00   0.0000000e+00   0.0000000e+00   0.0000000e+00   3.5419608e-03   8.0346566e-03   6.5436793e-04   1.6751331e-03   0.0000000e+00   0.0000000e+00   0.0000000e+00   0.0000000e+00   0.0000000e+00   0.0000000e+00   0.0000000e+00   0.0000000e+00   0.0000000e+00   0.0000000e+00   0.0000000e+00   0.0000000e+00   0.0000000e+00   0.0000000e+00   0.0000000e+00   0.0000000e+00   0.0000000e+00   0.0000000e+00   0.0000000e+00   0.0000000e+00   0.0000000e+00   0.0000000e+00   0.0000000e+00   0.0000000e+00   0.0000000e+00   0.0000000e+00   0.0000000e+00   0.0000000e+00   0.0000000e+00   0.0000000e+00   0.0000000e+00   0.0000000e+00   0.0000000e+00   0.0000000e+00   0.0000000e+00   0.0000000e+00   0.0000000e+00   0.0000000e+00   0.0000000e+00   0.0000000e+00   0.0000000e+00   0.0000000e+00   0.0000000e+00   0.0000000e+00   0.0000000e+00   0.0000000e+00   0.0000000e+00   0.0000000e+00   0.0000000e+00   0.0000000e+00   0.0000000e+00   0.0000000e+00   0.0000000e+00   0.0000000e+00   0.0000000e+00   2.6734748e-03   3.8999544e-03   0.0000000e+00   0.0000000e+00   0.0000000e+00   0.0000000e+00   0.0000000e+00   0.0000000e+00   0.0000000e+00   0.0000000e+00   0.0000000e+00   0.0000000e+00   0.0000000e+00   4.1398540e-04   0.0000000e+00   0.0000000e+00   0.0000000e+00   0.0000000e+00   0.0000000e+00   0.0000000e+00   0.0000000e+00   0.0000000e+00   0.0000000e+00   0.0000000e+00   0.0000000e+00   0.0000000e+00   0.0000000e+00   0.0000000e+00   0.0000000e+00   0.0000000e+00   0.0000000e+00   0.0000000e+00   0.0000000e+00   0.0000000e+00   0.0000000e+00   0.0000000e+00   0.0000000e+00   0.0000000e+00   0.0000000e+00   0.0000000e+00   0.0000000e+00   0.0000000e+00   0.0000000e+00   0.0000000e+00
   0.0000000e+00   0.0000000e+00   2.1102692e-04   0.0000000e+00   3.7486475e-03   3.2562841e-03   0.0000000e+00   0.0000000e+00   0.0000000e+00   0.0000000e+00   0.0000000e+00   0.0000000e+00   0.0000000e+00   0.0000000e+00   0.0000000e+00   5.0531808e-03   3.9501856e-03   0.0000000e+00   1.6724472e-03   3.1242492e-04   1.7736574e-03   0.0000000e+00   6.0453980e-03   0.0000000e+00   1.7082052e-03   0.0000000e+00   6.9164358e-05   0.0000000e+00   6.6090947e-03   0.0000000e+00   0.0000000e+00   0.0000000e+00   1.4275177e-04   0.0000000e+00   0.0000000e+00   0.0000000e+00   1.3651544e-04   0.0000000e+00   0.0000000e+00   0.0000000e+00   1.6304995e-03   0.0000000e+00   9.0480913e-05   0.0000000e+00   1.1936117e-04   0.0000000e+00   0.0000000e+00   0.0000000e+00   0.0000000e+00   0.0000000e+00   0.0000000e+00   0.0000000e+00   0.0000000e+00   0.0000000e+00   0.0000000e+00   0.0000000e+00   0.0000000e+00   0.0000000e+00   8.4652787e-05   0.0000000e+00   0.0000000e+00   0.0000000e+00   4.7252399e-03   5.3943575e-04   0.0000000e+00   0.0000000e+00   2.0307362e-03   2.2757951e-04   6.1951903e-03   1.0011206e-03   2.4857630e-04   1.2431893e-04   0.0000000e+00   0.0000000e+00   0.0000000e+00   0.0000000e+00   0.0000000e+00   0.0000000e+00   1.2997355e-02   0.0000000e+00   2.1879219e-03   0.0000000e+00   0.0000000e+00   0.0000000e+00   1.3706912e-04   0.0000000e+00   9.2785695e-04   0.0000000e+00   8.5257139e-04   0.0000000e+00   2.5093369e-03   0.0000000e+00   2.5357590e-03   0.0000000e+00   7.9454730e-03   0.0000000e+00   0.0000000e+00   0.0000000e+00   0.0000000e+00   0.0000000e+00   0.0000000e+00   0.0000000e+00   0.0000000e+00   0.0000000e+00   0.0000000e+00   0.0000000e+00   0.0000000e+00   0.0000000e+00   0.0000000e+00   0.0000000e+00
   0.0000000e+00   0.0000000e+00   1.6035645e-04   2.5054171e-04   2.5317764e-04   1.8687076e-03   0.0000000e+00   5.3158186e-04   0.0000000e+00   2.2924312e-04   5.6033505e-05   2.1016829e-03   1.4491780e-02   0.0000000e+00   5.0531808e-03   0.0000000e+00   0.0000000e+00   3.5833573e-03   9.4831826e-04   2.8665884e-03   0.0000000e+00   1.0281205e-02   0.0000000e+00   6.9165129e-03   0.0000000e+00   1.7222365e-04   0.0000000e+00   6.7230514e-05   1.8265217e-04   1.3007734e-02   0.0000000e+00   0.0000000e+00   0.0000000e+00   9.0887985e-05   0.0000000e+00   9.0663773e-04   0.0000000e+00   1.2829190e-04   0.0000000e+00   0.0000000e+00   0.0000000e+00   5.5998240e-03   0.0000000e+00   3.5980458e-03   0.0000000e+00   0.0000000e+00   0.0000000e+00   0.0000000e+00   0.0000000e+00   0.0000000e+00   0.0000000e+00   0.0000000e+00   0.0000000e+00   0.0000000e+00   0.0000000e+00   0.0000000e+00   0.0000000e+00   0.0000000e+00   0.0000000e+00   0.0000000e+00   0.0000000e+00   2.6891061e-04   5.2917112e-03   5.3972502e-03   0.0000000e+00   0.0000000e+00   1.8110917e-03   2.3787856e-03   6.4159712e-03   4.7352798e-03   1.5405803e-03   2.0476619e-03   0.0000000e+00   0.0000000e+00   0.0000000e+00   1.3713228e-04   0.0000000e+00   1.2915073e-04   8.1044457e-04   2.1487911e-02   8.9887781e-04   9.8665412e-03   0.0000000e+00   1.1131528e-04   0.0000000e+00   1.1589111e-04   0.0000000e+00   0.0000000e+00   0.0000000e+00   0.0000000e+00   1.0404003e-04   1.9415644e-03   1.0938371e-04   6.6518524e-04   0.0000000e+00   4.5991450e-03   0.0000000e+00   1.6184373e-04   0.0000000e+00   1.3857592e-04   0.0000000e+00   1.4578275e-04   0.0000000e+00   1.4052090e-04   0.0000000e+00   1.3908115e-04   0.0000000e+00   0.0000000e+00   0.0000000e+00   0.0000000e+00
   0.0000000e+00   0.0000000e+00   1.3322582e-02   0.0000000e+00   2.9647985e-03   5.0019369e-03   0.0000000e+00   0.0000000e+00   0.0000000e+00   0.0000000e+00   0.0000000e+00   0.0000000e+00   0.0000000e+00   0.0000000e+00   3.9501856e-03   0.0000000e+00   0.0000000e+00   0.0000000e+00   1.7690342e-02   4.5112524e-04   6.3852492e-03   0.0000000e+00   2.2786555e-02   0.0000000e+00   3.9454518e-02   0.0000000e+00   6.9561593e-03   0.0000000e+00   8.2698260e-03   0.0000000e+00   5.9755997e-03   0.0000000e+00   9.8548005e-03   0.0000000e+00   2.1838015e-03   0.0000000e+00   1.0524563e-02   0.0000000e+00   0.0000000e+00   0.0000000e+00   0.0000000e+00   0.0000000e+00   8.3051804e-03   0.0000000e+00   1.3320832e-03   0.0000000e+00   2.3685985e-03   0.0000000e+00   0.0000000e+00   0.0000000e+00   1.3177920e-03   0.0000000e+00   9.2836227e-04   0.0000000e+00   0.0000000e+00   0.0000000e+00   0.0000000e+00   0.0000000e+00   0.0000000e+00   0.0000000e+00   0.0000000e+00   0.0000000e+00   0.0000000e+00   0.0000000e+00   5.0002378e-03   0.0000000e+00   0.0000000e+00   0.0000000e+00   6.1422279e-03   0.0000000e+00   3.9204281e-04   0.0000000e+00   0.0000000e+00   0.0000000e+00   0.0000000e+00   0.0000000e+00   0.0000000e+00   0.0000000e+00   6.2834435e-03   0.0000000e+00   0.0000000e+00   0.0000000e+00   0.0000000e+00   0.0000000e+00   3.2606835e-04   0.0000000e+00   0.0000000e+00   0.0000000e+00   4.7881519e-03   0.0000000e+00   5.9523229e-03   0.0000000e+00   2.2700998e-03   0.0000000e+00   1.1808305e-02   0.0000000e+00   1.1119290e-02   0.0000000e+00   8.9332113e-04   0.0000000e+00   9.3184818e-03   0.0000000e+00   5.2550147e-03   0.0000000e+00   1.7054978e-03   0.0000000e+00   0.0000000e+00   0.0000000e+00   0.0000000e+00   0.0000000e+00
   7.4912897e-03   4.4163135e-03   0.0000000e+00   7.8154455e-03   0.0000000e+00   8.1123413e-04   0.0000000e+00   2.2737326e-03   1.1047826e-03   8.8469504e-03   2.8034943e-03   1.1102241e-03   4.7024859e-03   0.0000000e+00   0.0000000e+00   3.5833573e-03   0.0000000e+00   0.0000000e+00   0.0000000e+00   1.8330669e-02   0.0000000e+00   8.5213521e-03   0.0000000e+00   1.3618751e-03   0.0000000e+00   0.0000000e+00   0.0000000e+00   1.6222267e-02   0.0000000e+00   6.0633597e-03   0.0000000e+00   4.9233293e-04   0.0000000e+00   3.2662333e-03   0.0000000e+00   2.8313177e-04   0.0000000e+00   2.7848288e-03   0.0000000e+00   0.0000000e+00   0.0000000e+00   6.3943388e-04   0.0000000e+00   1.6467074e-03   0.0000000e+00   0.0000000e+00   0.0000000e+00   7.4446580e-03   0.0000000e+00   0.0000000e+00   0.0000000e+00   0.0000000e+00   0.0000000e+00   0.0000000e+00   0.0000000e+00   0.0000000e+00   0.0000000e+00   0.0000000e+00   0.0000000e+00   0.0000000e+00   0.0000000e+00   0.0000000e+00   0.0000000e+00   0.0000000e+00   0.0000000e+00   7.3234563e-04   0.0000000e+00   0.0000000e+00   0.0000000e+00   0.0000000e+00   0.0000000e+00   0.0000000e+00   0.0000000e+00   0.0000000e+00   0.0000000e+00   4.1570898e-04   0.0000000e+00   5.4790326e-04   0.0000000e+00   6.6661342e-03   0.0000000e+00   0.0000000e+00   0.0000000e+00   6.4481238e-04   0.0000000e+00   0.0000000e+00   0.0000000e+00   0.0000000e+00   0.0000000e+00   7.0071128e-04   0.0000000e+00   0.0000000e+00   0.0000000e+00   0.0000000e+00   0.0000000e+00   7.7270207e-03   0.0000000e+00   9.0761297e-03   0.0000000e+00   1.5026611e-03   0.0000000e+00   6.1602114e-03   0.0000000e+00   4.4335745e-03   0.0000000e+00   0.0000000e+00   0.0000000e+00   0.0000000e+00   0.0000000e+00   0.0000000e+00
   0.0000000e+00   1.1999680e-03   7.7182203e-03   5.9259994e-04   1.5137881e-03   9.8176537e-03   0.0000000e+00   0.0000000e+00   0.0000000e+00   3.9067662e-04   0.0000000e+00   0.0000000e+00   9.5011490e-04   0.0000000e+00   1.6724472e-03   9.4831826e-04   1.7690342e-02   0.0000000e+00   0.0000000e+00   3.1905616e-03   4.8359331e-03   0.0000000e+00   2.3347303e-04   0.0000000e+00   2.2704574e-04   0.0000000e+00   4.4219656e-03   0.0000000e+00   0.0000000e+00   0.0000000e+00   0.0000000e+00   0.0000000e+00   0.0000000e+00   0.0000000e+00   0.0000000e+00   0.0000000e+00   0.0000000e+00   0.0000000e+00   0.0000000e+00   0.0000000e+00   0.0000000e+00   0.0000000e+00   0.0000000e+00   0.0000000e+00   0.0000000e+00   0.0000000e+00   0.0000000e+00   0.0000000e+00   0.0000000e+00   0.0000000e+00   0.0000000e+00   0.0000000e+00   0.0000000e+00   0.0000000e+00   0.0000000e+00   0.0000000e+00   0.0000000e+00   0.0000000e+00   0.0000000e+00   0.0000000e+00   0.0000000e+00   0.0000000e+00   0.0000000e+00   0.0000000e+00   5.2411673e-03   2.1647041e-04   0.0000000e+00   0.0000000e+00   8.6478483e-03   1.4744373e-03   3.9257456e-03   1.0128447e-04   1.1425782e-04   0.0000000e+00   9.8562243e-05   0.0000000e+00   0.0000000e+00   0.0000000e+00   5.3952946e-04   0.0000000e+00   2.0134880e-03   0.0000000e+00   0.0000000e+00   0.0000000e+00   3.8330351e-04   0.0000000e+00   8.6243512e-04   0.0000000e+00   1.2955916e-03   0.0000000e+00   4.9812238e-03   0.0000000e+00   4.1284044e-03   0.0000000e+00   2.0538215e-03   0.0000000e+00   0.0000000e+00   0.0000000e+00   0.0000000e+00   0.0000000e+00   0.0000000e+00   0.0000000e+00   0.0000000e+00   0.0000000e+00   0.0000000e+00   0.0000000e+00   0.0000000e+00   0.0000000e+00   0.0000000e+00   0.0000000e+00
   0.0000000e+00   0.0000000e+00   9.2153324e-04   2.9986716e-04   1.0269585e-03   7.4018575e-03   0.0000000e+00   0.0000000e+00   0.0000000e+00   1.8533103e-03   0.0000000e+00   1.0889635e-02   3.7549657e-02   0.0000000e+00   3.1242492e-04   2.8665884e-03   4.5112524e-04   1.8330669e-02   3.1905616e-03   0.0000000e+00   0.0000000e+00   1.3249006e-02   0.0000000e+00   2.0217061e-03   0.0000000e+00   6.1123659e-04   0.0000000e+00   3.4212213e-03   0.0000000e+00   4.2431797e-03   0.0000000e+00   0.0000000e+00   0.0000000e+00   0.0000000e+00   0.0000000e+00   0.0000000e+00   0.0000000e+00   0.0000000e+00   0.0000000e+00   0.0000000e+00   0.0000000e+00   0.0000000e+00   0.0000000e+00   0.0000000e+00   0.0000000e+00   0.0000000e+00   0.0000000e+00   0.0000000e+00   0.0000000e+00   0.0000000e+00   0.0000000e+00   0.0000000e+00   0.0000000e+00   0.0000000e+00   0.0000000e+00   0.0000000e+00   0.0000000e+00   0.0000000e+00   0.0000000e+00   0.0000000e+00   0.0000000e+00   0.0000000e+00   0.0000000e+00   0.0000000e+00   1.4395500e-03   8.1499273e-04   4.0251937e-04   0.0000000e+00   1.3378257e-02   3.6959557e-03   7.5125719e-03   3.4358913e-03   0.0000000e+00   0.0000000e+00   0.0000000e+00   8.9146012e-05   0.0000000e+00   0.0000000e+00   4.2181926e-04   3.5337687e-03   3.8563856e-03   6.0351054e-03   0.0000000e+00   0.0000000e+00   0.0000000e+00   0.0000000e+00   0.0000000e+00   0.0000000e+00   0.0000000e+00   0.0000000e+00   4.0387782e-04   0.0000000e+00   3.6201797e-04   0.0000000e+00   0.0000000e+00   2.0862719e-02   0.0000000e+00   4.6686459e-03   0.0000000e+00   0.0000000e+00   0.0000000e+00   0.0000000e+00   0.0000000e+00   0.0000000e+00   0.0000000e+00   0.0000000e+00   0.0000000e+00   0.0000000e+00   0.0000000e+00   0.0000000e+00
   0.0000000e+00   0.0000000e+00   3.8011008e-04   0.0000000e+00   0.0000000e+00   0.0000000e+00   0.0000000e+00   0.0000000e+00   0.0000000e+00   0.0000000e+00   0.0000000e+00   0.0000000e+00   0.0000000e+00   0.0000000e+00   1.7736574e-03   0.0000000e+00   6.3852492e-03   0.0000000e+00   4.8359331e-03   0.0000000e+00   0.0000000e+00   0.0000000e+00   4.2787277e-03   0.0000000e+00   1.0920595e-02   0.0000000e+00   1.5004908e-02   0.0000000e+00   1.4036279e-04   0.0000000e+00   0.0000000e+00   0.0000000e+00   4.3163714e-04   0.0000000e+00   0.0000000e+00   0.0000000e+00   4.7751104e-04   0.0000000e+00   0.0000000e+00   0.0000000e+00   0.0000000e+00   0.0000000e+00   2.0480166e-04   0.0000000e+00   0.0000000e+00   0.0000000e+00   4.0423661e-03   0.0000000e+00   0.0000000e+00   0.0000000e+00   0.0000000e+00   0.0000000e+00   0.0000000e+00   0.0000000e+00   0.0000000e+00   0.0000000e+00   0.0000000e+00   0.0000000e+00   0.0000000e+00   0.0000000e+00   0.0000000e+00   0.0000000e+00   0.0000000e+00   0.0000000e+00   8.0295153e-04   0.0000000e+00   0.0000000e+00   0.0000000e+00   0.0000000e+00   0.0000000e+00   0.0000000e+00   0.0000000e+00   0.0000000e+00   0.0000000e+00   0.0000000e+00   0.0000000e+00   0.0000000e+00   0.0000000e+00   0.0000000e+00   0.0000000e+00   0.0000000e+00   0.0000000e+00   0.0000000e+00   0.0000000e+00   0.0000000e+00   0.0000000e+00   0.0000000e+00   0.0000000e+00   0.0000000e+00   0.0000000e+00   4.0294911e-04   0.0000000e+00   0.0000000e+00   0.0000000e+00   6.6564493e-03   0.0000000e+00   1.3486544e-03   0.0000000e+00   0.0000000e+00   0.0000000e+00   0.0000000e+00   0.0000000e+00   0.0000000e+00   0.0000000e+00   0.0000000e+00   0.0000000e+00   0.0000000e+00   0.0000000e+00   0.0000000e+00   0.0000000e+00
   0.0000000e+00   0.0000000e+00   0.0000000e+00   0.0000000e+00   0.0000000e+00   0.0000000e+00   0.0000000e+00   0.0000000e+00   0.0000000e+00   0.0000000e+00   0.0000000e+00   9.1169120e-04   7.0177829e-03   0.0000000e+00   0.0000000e+00   1.0281205e-02   0.0000000e+00   8.5213521e-03   0.0000000e+00   1.3249006e-02   0.0000000e+00   0.0000000e+00   0.0000000e+00   4.4133211e-03   0.0000000e+00   1.7443014e-02   0.0000000e+00   1.4109556e-02   0.0000000e+00   1.0624358e-03   0.0000000e+00   0.0000000e+00   0.0000000e+00   0.0000000e+00   0.0000000e+00   0.0000000e+00   0.0000000e+00   2.9414748e-04   0.0000000e+00   3.4020374e-04   0.0000000e+00   0.0000000e+00   0.0000000e+00   2.6748050e-04   0.0000000e+00   1.8835263e-04   0.0000000e+00   1.0102060e-03   0.0000000e+00   0.0000000e+00   0.0000000e+00   0.0000000e+00   0.0000000e+00   0.0000000e+00   0.0000000e+00   4.4542994e-04   0.0000000e+00   0.0000000e+00   0.0000000e+00   0.0000000e+00   0.0000000e+00   0.0000000e+00   0.0000000e+00   0.0000000e+00   0.0000000e+00   0.0000000e+00   0.0000000e+00   0.0000000e+00   0.0000000e+00   0.0000000e+00   0.0000000e+00   0.0000000e+00   0.0000000e+00   0.0000000e+00   0.0000000e+00   0.0000000e+00   0.0000000e+00   0.0000000e+00   0.0000000e+00   1.6064684e-03   0.0000000e+00   6.3415815e-04   0.0000000e+00   0.0000000e+00   0.0000000e+00   0.0000000e+00   0.0000000e+00   0.0000000e+00   0.0000000e+00   0.0000000e+00   0.0000000e+00   0.0000000e+00   0.0000000e+00   0.0000000e+00   0.0000000e+00   8.2934297e-03   0.0000000e+00   8.7672782e-03   0.0000000e+00   3.2391092e-03   0.0000000e+00   0.0000000e+00   0.0000000e+00   2.4058941e-04   0.0000000e+00   0.0000000e+00   0.0000000e+00   0.0000000e+00   0.0000000e+00   0.0000000e+00
