   0.0000000e+00   1.7045701e-02   5.6431498e-03   2.5453253e-03   2.4718010e-03   1.8755216e-03   1.4265641e-03   9.5380541e-03   1.6022106e-03   0.0000000e+00   3.9875216e-04   6.1000171e-03   0.0000000e+00   0.0000000e+00   6.2779207e-03   0.0000000e+00   0.0000000e+00   0.0000000e+00   1.5290306e-02   0.0000000e+00   8.1199348e-04   0.0000000e+00   0.0000000e+00   0.0000000e+00   0.0000000e+00   0.0000000e+00   5.1270451e-03   0.0000000e+00   1.1605522e-04   0.0000000e+00   0.0000000e+00   0.0000000e+00   2.2552342e-04   0.0000000e+00   0.0000000e+00   0.0000000e+00   0.0000000e+00   0.0000000e+00   0.0000000e+00   0.0000000e+00   0.0000000e+00   0.0000000e+00   0.0000000e+00   0.0000000e+00   0.0000000e+00   0.0000000e+00   1.4845971e-03   0.0000000e+00   0.0000000e+00   0.0000000e+00   0.0000000e+00   0.0000000e+00   0.0000000e+00   0.0000000e+00   0.0000000e+00   0.0000000e+00   0.0000000e+00   9.8680889e-05   0.0000000e+00   0.0000000e+00   0.0000000e+00   8.0612483e-04   0.0000000e+00   0.0000000e+00   0.0000000e+00   2.6833501e-04   0.0000000e+00   0.0000000e+00   2.5000332e-03   0.0000000e+00   5.0854431e-03   7.1317659e-04   3.5159125e-03   1.1776095e-03   5.9249164e-04   2.1426112e-04   0.0000000e+00   0.0000000e+00   0.0000000e+00   0.0000000e+00   5.6099320e-04   0.0000000e+00   2.6512784e-04   2.4780526e-04   6.0958914e-05   2.8680182e-04   0.0000000e+00   0.0000000e+00   0.0000000e+00   0.0000000e+00   0.0000000e+00   0.0000000e+00   0.0000000e+00   0.0000000e+00   0.0000000e+00   0.0000000e+00   0.0000000e+00   0.0000000e+00   0.0000000e+00   0.0000000e+00   0.0000000e+00   0.0000000e+00   3.5381479e-04   0.0000000e+00   0.0000000e+00   5.4454995e-04   0.0000000e+00   0.0000000e+00   0.0000000e+00   1.0953373e-03
   1.7045701e-02   0.0000000e+00   5.4149884e-03   4.9305965e-03   0.0000000e+00   4.5162175e-04   1.4807461e-03   8.0821861e-03   5.6848363e-03   2.2271995e-03   9.6870885e-04   0.0000000e+00   0.0000000e+00   3.5754850e-04   1.1160889e-03   1.0542424e-03   0.0000000e+00   0.0000000e+00   0.0000000e+00   6.0793823e-03   0.0000000e+00   0.0000000e+00   0.0000000e+00   0.0000000e+00   0.0000000e+00   0.0000000e+00   0.0000000e+00   0.0000000e+00   6.2725306e-04   0.0000000e+00   0.0000000e+00   0.0000000e+00   0.0000000e+00   0.0000000e+00   0.0000000e+00   0.0000000e+00   0.0000000e+00   0.0000000e+00   0.0000000e+00   0.0000000e+00   0.0000000e+00   0.0000000e+00   0.0000000e+00   0.0000000e+00   0.0000000e+00   0.0000000e+00   0.0000000e+00   0.0000000e+00   0.0000000e+00   0.0000000e+00   0.0000000e+00   0.0000000e+00   0.0000000e+00   0.0000000e+00   0.0000000e+00   0.0000000e+00   0.0000000e+00   0.0000000e+00   0.0000000e+00   0.0000000e+00   3.8899764e-03   0.0000000e+00   5.2928904e-03   1.8639703e-03   0.0000000e+00   1.8001361e-02   2.8821507e-04   0.0000000e+00   3.2358882e-03   3.7615020e-03   7.8849815e-04   0.0000000e+00   0.0000000e+00   0.0000000e+00   0.0000000e+00   0.0000000e+00   9.6835932e-04   0.0000000e+00   0.0000000e+00   0.0000000e+00   7.7293338e-04   0.0000000e+00   0.0000000e+00   0.0000000e+00   0.0000000e+00   0.0000000e+00   0.0000000e+00   0.0000000e+00   0.0000000e+00   0.0000000e+00   0.0000000e+00   0.0000000e+00   0.0000000e+00   0.0000000e+00   0.0000000e+00   0.0000000e+00   0.0000000e+00   0.0000000e+00   0.0000000e+00   0.0000000e+00   0.0000000e+00   0.0000000e+00   0.0000000e+00   0.0000000e+00   0.0000000e+00   0.0000000e+00   5.1396454e-03   0.0000000e+00   1.1719821e-03   0.0000000e+00
   5.6431498e-03   5.4149884e-03   0.0000000e+00   1.0358369e-03   2.5902474e-03   1.7837579e-03   4.5557830e-03   7.0494694e-04   0.0000000e+00   5.3720660e-04   0.0000000e+00   0.0000000e+00   6.4875089e-04   8.1701389e-04   4.2988257e-03   0.0000000e+00   2.0910717e-03   0.0000000e+00   4.8638032e-03   0.0000000e+00   1.1104793e-03   0.0000000e+00   0.0000000e+00   0.0000000e+00   0.0000000e+00   0.0000000e+00   1.5188725e-03   0.0000000e+00   6.0275588e-04   8.4493118e-04   0.0000000e+00   0.0000000e+00   0.0000000e+00   0.0000000e+00   0.0000000e+00   0.0000000e+00   0.0000000e+00   0.0000000e+00   0.0000000e+00   0.0000000e+00   0.0000000e+00   0.0000000e+00   0.0000000e+00   0.0000000e+00   0.0000000e+00   0.0000000e+00   1.8902554e-03   0.0000000e+00   0.0000000e+00   0.0000000e+00   0.0000000e+00   0.0000000e+00   0.0000000e+00   0.0000000e+00   0.0000000e+00   0.0000000e+00   5.9413665e-04   0.0000000e+00   0.0000000e+00   0.0000000e+00   1.5155414e-02   0.0000000e+00   2.8367740e-03   0.0000000e+00   0.0000000e+00   0.0000000e+00   7.8740210e-04   0.0000000e+00   1.5523258e-03   0.0000000e+00   0.0000000e+00   0.0000000e+00   2.2041804e-03   0.0000000e+00   1.1026276e-03   0.0000000e+00   3.3022673e-03   0.0000000e+00   5.9303931e-04   3.9662357e-04   5.5363355e-04   2.3173460e-04   0.0000000e+00   0.0000000e+00   2.1887904e-04   0.0000000e+00   0.0000000e+00   0.0000000e+00   0.0000000e+00   0.0000000e+00   0.0000000e+00   0.0000000e+00   0.0000000e+00   0.0000000e+00   0.0000000e+00   0.0000000e+00   7.1391730e-03   0.0000000e+00   1.4423621e-02   0.0000000e+00   0.0000000e+00   0.0000000e+00   7.2454556e-04   0.0000000e+00   3.8166831e-03   0.0000000e+00   1.2003693e-02   0.0000000e+00   3.7405688e-03   0.0000000e+00
   2.5453253e-03   4.9305965e-03   1.0358369e-03   0.0000000e+00   8.3948180e-04   6.3506602e-04   1.9688554e-03   0.0000000e+00   5.1323638e-04   0.0000000e+00   1.1712493e-03   0.0000000e+00   0.0000000e+00   0.0000000e+00   1.4927442e-03   0.0000000e+00   0.0000000e+00   0.0000000e+00   5.3155431e-04   0.0000000e+00   0.0000000e+00   0.0000000e+00   0.0000000e+00   0.0000000e+00   0.0000000e+00   0.0000000e+00   2.1117851e-03   0.0000000e+00   0.0000000e+00   0.0000000e+00   0.0000000e+00   0.0000000e+00   0.0000000e+00   0.0000000e+00   0.0000000e+00   0.0000000e+00   0.0000000e+00   0.0000000e+00   0.0000000e+00   0.0000000e+00   0.0000000e+00   0.0000000e+00   0.0000000e+00   0.0000000e+00   0.0000000e+00   0.0000000e+00   2.5762512e-03   0.0000000e+00   0.0000000e+00   0.0000000e+00   0.0000000e+00   0.0000000e+00   0.0000000e+00   0.0000000e+00   0.0000000e+00   0.0000000e+00   4.2003422e-04   0.0000000e+00   0.0000000e+00   0.0000000e+00   9.5280269e-04   0.0000000e+00   0.0000000e+00   0.0000000e+00   0.0000000e+00   0.0000000e+00   0.0000000e+00   0.0000000e+00   0.0000000e+00   0.0000000e+00   0.0000000e+00   0.0000000e+00   9.5160563e-04   0.0000000e+00   6.7116938e-04   0.0000000e+00   6.3384862e-04   0.0000000e+00   0.0000000e+00   0.0000000e+00   0.0000000e+00   0.0000000e+00   0.0000000e+00   0.0000000e+00   0.0000000e+00   0.0000000e+00   0.0000000e+00   0.0000000e+00   0.0000000e+00   0.0000000e+00   0.0000000e+00   0.0000000e+00   0.0000000e+00   0.0000000e+00   0.0000000e+00   0.0000000e+00   0.0000000e+00   0.0000000e+00   3.4245895e-03   0.0000000e+00   0.0000000e+00   0.0000000e+00   0.0000000e+00   0.0000000e+00   1.7519812e-03   0.0000000e+00   1.6862603e-03   0.0000000e+00   0.0000000e+00   0.0000000e+00
   2.4718010e-03   0.0000000e+00   2.5902474e-03   8.3948180e-04   0.0000000e+00   8.8876041e-03   0.0000000e+00   1.8164352e-04   0.0000000e+00   0.0000000e+00   1.1429607e-03   5.1005608e-04   0.0000000e+00   0.0000000e+00   0.0000000e+00   0.0000000e+00   0.0000000e+00   0.0000000e+00   0.0000000e+00   0.0000000e+00   0.0000000e+00   0.0000000e+00   0.0000000e+00   0.0000000e+00   0.0000000e+00   0.0000000e+00   0.0000000e+00   0.0000000e+00   1.0422202e-04   0.0000000e+00   0.0000000e+00   0.0000000e+00   3.2753532e-04   5.5983486e-04   0.0000000e+00   0.0000000e+00   0.0000000e+00   0.0000000e+00   0.0000000e+00   0.0000000e+00   0.0000000e+00   0.0000000e+00   5.3433256e-04   0.0000000e+00   0.0000000e+00   0.0000000e+00   0.0000000e+00   0.0000000e+00   0.0000000e+00   0.0000000e+00   0.0000000e+00   0.0000000e+00   0.0000000e+00   0.0000000e+00   0.0000000e+00   0.0000000e+00   0.0000000e+00   3.9733622e-04   0.0000000e+00   0.0000000e+00   3.4163920e-03   6.6982590e-03   0.0000000e+00   0.0000000e+00   0.0000000e+00   0.0000000e+00   0.0000000e+00   0.0000000e+00   0.0000000e+00   0.0000000e+00   0.0000000e+00   0.0000000e+00   1.4554902e-03   0.0000000e+00   2.1031007e-03   3.1886461e-04   2.5124948e-04   2.9749422e-03   2.1811011e-04   0.0000000e+00   5.2415439e-03   0.0000000e+00   2.0246642e-02   1.7613148e-04   7.1229319e-03   1.3483908e-03   0.0000000e+00   0.0000000e+00   6.5132442e-03   0.0000000e+00   5.0055544e-03   0.0000000e+00   0.0000000e+00   0.0000000e+00   0.0000000e+00   0.0000000e+00   0.0000000e+00   0.0000000e+00   0.0000000e+00   0.0000000e+00   0.0000000e+00   0.0000000e+00   0.0000000e+00   0.0000000e+00   0.0000000e+00   8.8724920e-04   2.7379325e-04   9.7416441e-04   0.0000000e+00   2.9062321e-03
   1.8755216e-03   4.5162175e-04   1.7837579e-03   6.3506602e-04   8.8876041e-03   0.0000000e+00   3.6197548e-03   2.6367536e-04   0.0000000e+00   4.8203017e-04   1.8578656e-03   0.0000000e+00   4.4489108e-03   0.0000000e+00   1.6736537e-03   0.0000000e+00   0.0000000e+00   0.0000000e+00   0.0000000e+00   0.0000000e+00   0.0000000e+00   0.0000000e+00   0.0000000e+00   0.0000000e+00   0.0000000e+00   0.0000000e+00   0.0000000e+00   0.0000000e+00   1.1100117e-03   2.1234131e-04   0.0000000e+00   0.0000000e+00   0.0000000e+00   0.0000000e+00   0.0000000e+00   0.0000000e+00   0.0000000e+00   0.0000000e+00   0.0000000e+00   0.0000000e+00   0.0000000e+00   0.0000000e+00   3.3234208e-04   0.0000000e+00   0.0000000e+00   0.0000000e+00   0.0000000e+00   0.0000000e+00   0.0000000e+00   0.0000000e+00   0.0000000e+00   0.0000000e+00   0.0000000e+00   0.0000000e+00   0.0000000e+00   0.0000000e+00   0.0000000e+00   0.0000000e+00   0.0000000e+00   0.0000000e+00   0.0000000e+00   0.0000000e+00   6.3561989e-04   0.0000000e+00   0.0000000e+00   0.0000000e+00   0.0000000e+00   0.0000000e+00   2.6181089e-04   0.0000000e+00   0.0000000e+00   0.0000000e+00   7.1450431e-04   0.0000000e+00   1.4961202e-04   0.0000000e+00   0.0000000e+00   0.0000000e+00   2.0201749e-03   0.0000000e+00   8.1213857e-03   8.6807566e-04   8.2190811e-03   0.0000000e+00   8.1839842e-04   0.0000000e+00   0.0000000e+00   0.0000000e+00   2.2350631e-03   0.0000000e+00   1.4552192e-03   0.0000000e+00   0.0000000e+00   0.0000000e+00   0.0000000e+00   0.0000000e+00   0.0000000e+00   0.0000000e+00   0.0000000e+00   0.0000000e+00   0.0000000e+00   3.9799609e-04   0.0000000e+00   0.0000000e+00   0.0000000e+00   0.0000000e+00   0.0000000e+00   0.0000000e+00   0.0000000e+00   0.0000000e+00
   1.4265641e-03   1.4807461e-03   4.5557830e-03   1.9688554e-03   0.0000000e+00   3.6197548e-03   0.0000000e+00   3.8289659e-04   1.7469839e-03   9.5172949e-03   0.0000000e+00   0.0000000e+00   3.2873434e-03   3.6303241e-02   3.0930713e-04   0.0000000e+00   0.0000000e+00   5.2065020e-04   0.0000000e+00   0.0000000e+00   0.0000000e+00   0.0000000e+00   0.0000000e+00   0.0000000e+00   0.0000000e+00   0.0000000e+00   0.0000000e+00   0.0000000e+00   1.6726781e-03   3.6568374e-03   0.0000000e+00   0.0000000e+00   0.0000000e+00   0.0000000e+00   0.0000000e+00   0.0000000e+00   0.0000000e+00   0.0000000e+00   0.0000000e+00   0.0000000e+00   0.0000000e+00   0.0000000e+00   0.0000000e+00   0.0000000e+00   0.0000000e+00   0.0000000e+00   0.0000000e+00   0.0000000e+00   0.0000000e+00   0.0000000e+00   0.0000000e+00   0.0000000e+00   0.0000000e+00   0.0000000e+00   0.0000000e+00   0.0000000e+00   0.0000000e+00   0.0000000e+00   0.0000000e+00   0.0000000e+00   0.0000000e+00   0.0000000e+00   3.5478579e-03   0.0000000e+00   0.0000000e+00   0.0000000e+00   6.9973375e-03   1.2533814e-02   1.7774656e-03   0.0000000e+00   2.7538733e-04   0.0000000e+00   0.0000000e+00   0.0000000e+00   0.0000000e+00   0.0000000e+00   0.0000000e+00   0.0000000e+00   1.9591084e-04   1.9063890e-03   1.8000858e-03   1.6752597e-03   0.0000000e+00   0.0000000e+00   0.0000000e+00   0.0000000e+00   0.0000000e+00   0.0000000e+00   0.0000000e+00   0.0000000e+00   0.0000000e+00   0.0000000e+00   0.0000000e+00   0.0000000e+00   0.0000000e+00   0.0000000e+00   0.0000000e+00   0.0000000e+00   0.0000000e+00   0.0000000e+00   0.0000000e+00   0.0000000e+00   0.0000000e+00   0.0000000e+00   0.0000000e+00   0.0000000e+00   0.0000000e+00   0.0000000e+00   0.0000000e+00   0.0000000e+00
   9.5380541e-03   8.0821861e-03   7.0494694e-04   0.0000000e+00   1.8164352e-04   2.6367536e-04   3.8289659e-04   0.0000000e+00   1.5366997e-02   2.8578554e-03   1.3482866e-03   2.9370141e-03   1.0972158e-03   5.3287406e-04   0.0000000e+00   0.0000000e+00   0.0000000e+00   0.0000000e+00   0.0000000e+00   0.0000000e+00   0.0000000e+00   0.0000000e+00   0.0000000e+00   0.0000000e+00   0.0000000e+00   0.0000000e+00   0.0000000e+00   0.0000000e+00   1.6260722e-04   2.1862455e-04   0.0000000e+00   0.0000000e+00   0.0000000e+00   0.0000000e+00   0.0000000e+00   0.0000000e+00   0.0000000e+00   0.0000000e+00   0.0000000e+00   0.0000000e+00   0.0000000e+00   0.0000000e+00   0.0000000e+00   0.0000000e+00   0.0000000e+00   0.0000000e+00   0.0000000e+00   0.0000000e+00   0.0000000e+00   0.0000000e+00   0.0000000e+00   0.0000000e+00   0.0000000e+00   0.0000000e+00   0.0000000e+00   0.0000000e+00   0.0000000e+00   0.0000000e+00   0.0000000e+00   0.0000000e+00   0.0000000e+00   0.0000000e+00   0.0000000e+00   2.8419847e-04   1.0354274e-03   0.0000000e+00   0.0000000e+00   0.0000000e+00   0.0000000e+00   0.0000000e+00   1.2486141e-03   0.0000000e+00   9.8114764e-04   1.8389284e-03   0.0000000e+00   0.0000000e+00   0.0000000e+00   0.0000000e+00   0.0000000e+00   0.0000000e+00   3.1402819e-04   0.0000000e+00   0.0000000e+00   0.0000000e+00   0.0000000e+00   3.7574624e-04   0.0000000e+00   0.0000000e+00   0.0000000e+00   0.0000000e+00   0.0000000e+00   0.0000000e+00   0.0000000e+00   0.0000000e+00   0.0000000e+00   0.0000000e+00   0.0000000e+00   0.0000000e+00   0.0000000e+00   0.0000000e+00   0.0000000e+00   0.0000000e+00   0.0000000e+00   0.0000000e+00   4.4493690e-04   4.9244950e-04   0.0000000e+00   0.0000000e+00   0.0000000e+00   0.0000000e+00
   1.6022106e-03   5.6848363e-03   0.0000000e+00   5.1323638e-04   0.0000000e+00   0.0000000e+00   1.7469839e-03   1.5366997e-02   0.0000000e+00   1.6163341e-03   7.5135183e-03   0.0000000e+00   0.0000000e+00   1.9558097e-03   2.0753751e-04   1.1459954e-03   0.0000000e+00   0.0000000e+00   0.0000000e+00   0.0000000e+00   0.0000000e+00   0.0000000e+00   0.0000000e+00   0.0000000e+00   0.0000000e+00   0.0000000e+00   0.0000000e+00   0.0000000e+00   0.0000000e+00   0.0000000e+00   0.0000000e+00   0.0000000e+00   0.0000000e+00   0.0000000e+00   0.0000000e+00   0.0000000e+00   0.0000000e+00   0.0000000e+00   0.0000000e+00   0.0000000e+00   0.0000000e+00   0.0000000e+00   0.0000000e+00   0.0000000e+00   0.0000000e+00   0.0000000e+00   0.0000000e+00   0.0000000e+00   0.0000000e+00   0.0000000e+00   0.0000000e+00   0.0000000e+00   0.0000000e+00   0.0000000e+00   0.0000000e+00   0.0000000e+00   0.0000000e+00   0.0000000e+00   0.0000000e+00   0.0000000e+00   0.0000000e+00   0.0000000e+00   1.8477345e-03   7.2449168e-03   0.0000000e+00   0.0000000e+00   2.3751876e-03   1.6977244e-03   1.4725723e-03   1.3639055e-03   8.2060044e-04   0.0000000e+00   2.1371389e-04   0.0000000e+00   0.0000000e+00   0.0000000e+00   0.0000000e+00   0.0000000e+00   0.0000000e+00   0.0000000e+00   0.0000000e+00   0.0000000e+00   0.0000000e+00   0.0000000e+00   0.0000000e+00   0.0000000e+00   0.0000000e+00   0.0000000e+00   0.0000000e+00   0.0000000e+00   0.0000000e+00   0.0000000e+00   0.0000000e+00   0.0000000e+00   0.0000000e+00   0.0000000e+00   0.0000000e+00   0.0000000e+00   0.0000000e+00   0.0000000e+00   0.0000000e+00   0.0000000e+00   0.0000000e+00   0.0000000e+00   0.0000000e+00   0.0000000e+00   0.0000000e+00   0.0000000e+00   0.0000000e+00   0.0000000e+00
   0.0000000e+00   2.2271995e-03   5.3720660e-04   0.0000000e+00   0.0000000e+00   4.8203017e-04   9.5172949e-03   2.8578554e-03   1.6163341e-03   0.0000000e+00   2.1177823e-03   1.3515245e-03   9.2525335e-04   3.3433400e-03   6.6939308e-05   4.0993323e-03   0.0000000e+00   1.4969510e-03   0.0000000e+00   4.9041793e-04   0.0000000e+00   0.0000000e+00   0.0000000e+00   0.0000000e+00   0.0000000e+00   0.0000000e+00   1.7875872e-03   1.1117384e-02   1.4352324e-03   2.4805499e-03   0.0000000e+00   0.0000000e+00   0.0000000e+00   0.0000000e+00   0.0000000e+00   0.0000000e+00   0.0000000e+00   0.0000000e+00   0.0000000e+00   0.0000000e+00   0.0000000e+00   0.0000000e+00   0.0000000e+00   0.0000000e+00   0.0000000e+00   0.0000000e+00   0.0000000e+00   1.1186522e-02   0.0000000e+00   0.0000000e+00   0.0000000e+00   0.0000000e+00   0.0000000e+00   0.0000000e+00   0.0000000e+00   0.0000000e+00   0.0000000e+00   0.0000000e+00   0.0000000e+00   0.0000000e+00   0.0000000e+00   4.7428663e-04   1.0045308e-03   2.9306936e-03   0.0000000e+00   3.4930309e-04   2.1941276e-03   3.7580146e-03   0.0000000e+00   3.4842922e-04   0.0000000e+00   0.0000000e+00   2.5007368e-04   1.8786545e-03   2.0037769e-03   1.0806633e-02   0.0000000e+00   0.0000000e+00   1.2478676e-04   1.0715813e-03   2.5781544e-03   2.2528514e-04   0.0000000e+00   0.0000000e+00   0.0000000e+00   5.2182175e-04   0.0000000e+00   0.0000000e+00   0.0000000e+00   0.0000000e+00   0.0000000e+00   0.0000000e+00   0.0000000e+00   0.0000000e+00   0.0000000e+00   0.0000000e+00   0.0000000e+00   0.0000000e+00   0.0000000e+00   2.6964682e-03   0.0000000e+00   1.9733737e-04   0.0000000e+00   1.0311765e-03   0.0000000e+00   2.2272869e-03   0.0000000e+00   0.0000000e+00   0.0000000e+00   0.0000000e+00
   3.9875216e-04   9.6870885e-04   0.0000000e+00   1.1712493e-03   1.1429607e-03   1.8578656e-03   0.0000000e+00   1.3482866e-03   7.5135183e-03   2.1177823e-03   0.0000000e+00   2.8375504e-03   0.0000000e+00   1.1747175e-03   0.0000000e+00   1.0670730e-03   0.0000000e+00   0.0000000e+00   0.0000000e+00   0.0000000e+00   0.0000000e+00   0.0000000e+00   0.0000000e+00   0.0000000e+00   0.0000000e+00   0.0000000e+00   1.9489894e-04   2.0817078e-03   2.7543290e-03   0.0000000e+00   0.0000000e+00   0.0000000e+00   0.0000000e+00   0.0000000e+00   0.0000000e+00   0.0000000e+00   0.0000000e+00   0.0000000e+00   0.0000000e+00   0.0000000e+00   0.0000000e+00   0.0000000e+00   0.0000000e+00   0.0000000e+00   0.0000000e+00   0.0000000e+00   0.0000000e+00   0.0000000e+00   0.0000000e+00   0.0000000e+00   0.0000000e+00   0.0000000e+00   0.0000000e+00   0.0000000e+00   0.0000000e+00   0.0000000e+00   0.0000000e+00   0.0000000e+00   0.0000000e+00   0.0000000e+00   0.0000000e+00   0.0000000e+00   0.0000000e+00   0.0000000e+00   0.0000000e+00   0.0000000e+00   0.0000000e+00   0.0000000e+00   0.0000000e+00   0.0000000e+00   0.0000000e+00   0.0000000e+00   0.0000000e+00   1.7925694e-03   1.5591605e-03   6.5742395e-04   0.0000000e+00   0.0000000e+00   2.1340625e-04   0.0000000e+00   5.7785810e-03   6.0425986e-04   0.0000000e+00   5.0597663e-04   0.0000000e+00   0.0000000e+00   0.0000000e+00   0.0000000e+00   0.0000000e+00   0.0000000e+00   0.0000000e+00   0.0000000e+00   0.0000000e+00   0.0000000e+00   0.0000000e+00   0.0000000e+00   0.0000000e+00   0.0000000e+00   0.0000000e+00   0.0000000e+00   0.0000000e+00   0.0000000e+00   0.0000000e+00   0.0000000e+00   0.0000000e+00   0.0000000e+00   0.0000000e+00   0.0000000e+00   0.0000000e+00   0.0000000e+00
   6.1000171e-03   0.0000000e+00   0.0000000e+00   0.0000000e+00   5.1005608e-04   0.0000000e+00   0.0000000e+00   2.9370141e-03   0.0000000e+00   1.3515245e-03   2.8375504e-03   0.0000000e+00   1.2149531e-02   0.0000000e+00   0.0000000e+00   0.0000000e+00   0.0000000e+00   0.0000000e+00   0.0000000e+00   0.0000000e+00   0.0000000e+00   0.0000000e+00   0.0000000e+00   0.0000000e+00   0.0000000e+00   0.0000000e+00   1.5443307e-04   7.1617058e-04   3.4002026e-04   7.4897276e-04   0.0000000e+00   0.0000000e+00   0.0000000e+00   0.0000000e+00   0.0000000e+00   0.0000000e+00   0.0000000e+00   0.0000000e+00   0.0000000e+00   0.0000000e+00   0.0000000e+00   0.0000000e+00   0.0000000e+00   0.0000000e+00   0.0000000e+00   0.0000000e+00   0.0000000e+00   0.0000000e+00   0.0000000e+00   0.0000000e+00   0.0000000e+00   0.0000000e+00   0.0000000e+00   0.0000000e+00   0.0000000e+00   0.0000000e+00   0.0000000e+00   0.0000000e+00   0.0000000e+00   0.0000000e+00   0.0000000e+00   2.8961969e-03   0.0000000e+00   0.0000000e+00   0.0000000e+00   0.0000000e+00   0.0000000e+00   0.0000000e+00   0.0000000e+00   0.0000000e+00   0.0000000e+00   0.0000000e+00   9.5919625e-04   1.0375616e-02   4.2424506e-04   3.1410553e-03   0.0000000e+00   7.3262381e-04   0.0000000e+00   0.0000000e+00   1.1581084e-03   2.8882084e-03   0.0000000e+00   2.7554748e-02   2.0125634e-04   9.0657127e-03   0.0000000e+00   3.2163075e-04   0.0000000e+00   3.2841216e-03   0.0000000e+00   2.0928220e-03   0.0000000e+00   0.0000000e+00   0.0000000e+00   0.0000000e+00   0.0000000e+00   0.0000000e+00   0.0000000e+00   0.0000000e+00   0.0000000e+00   0.0000000e+00   0.0000000e+00   0.0000000e+00   0.0000000e+00   0.0000000e+00   0.0000000e+00   0.0000000e+00   0.0000000e+00   3.5524781e-04
   0.0000000e+00   0.0000000e+00   6.4875089e-04   0.0000000e+00   0.0000000e+00   4.4489108e-03   3.2873434e-03   1.0972158e-03   0.0000000e+00   9.2525335e-04   0.0000000e+00   1.2149531e-02   0.0000000e+00   0.0000000e+00   0.0000000e+00   0.0000000e+00   0.0000000e+00   0.0000000e+00   0.0000000e+00   0.0000000e+00   0.0000000e+00   0.0000000e+00   0.0000000e+00   0.0000000e+00   0.0000000e+00   0.0000000e+00   0.0000000e+00   0.0000000e+00   1.1975997e-03   2.1323300e-03   0.0000000e+00   0.0000000e+00   0.0000000e+00   0.0000000e+00   0.0000000e+00   0.0000000e+00   0.0000000e+00   0.0000000e+00   0.0000000e+00   0.0000000e+00   0.0000000e+00   0.0000000e+00   0.0000000e+00   0.0000000e+00   0.0000000e+00   0.0000000e+00   0.0000000e+00   0.0000000e+00   0.0000000e+00   0.0000000e+00   0.0000000e+00   0.0000000e+00   0.0000000e+00   0.0000000e+00   0.0000000e+00   0.0000000e+00   0.0000000e+00   0.0000000e+00   0.0000000e+00   0.0000000e+00   0.0000000e+00   0.0000000e+00   0.0000000e+00   0.0000000e+00   0.0000000e+00   0.0000000e+00   0.0000000e+00   0.0000000e+00   0.0000000e+00   0.0000000e+00   0.0000000e+00   0.0000000e+00   0.0000000e+00   2.7969976e-04   2.3788261e-04   0.0000000e+00   0.0000000e+00   0.0000000e+00   4.4599600e-04   5.7262673e-04   1.2359679e-03   1.1702249e-02   0.0000000e+00   7.5310452e-03   0.0000000e+00   1.5440502e-04   0.0000000e+00   0.0000000e+00   0.0000000e+00   2.1569134e-03   0.0000000e+00   0.0000000e+00   0.0000000e+00   0.0000000e+00   0.0000000e+00   0.0000000e+00   0.0000000e+00   0.0000000e+00   0.0000000e+00   0.0000000e+00   0.0000000e+00   0.0000000e+00   0.0000000e+00   0.0000000e+00   0.0000000e+00   0.0000000e+00   0.0000000e+00   0.0000000e+00   0.0000000e+00   0.0000000e+00
   0.0000000e+00   3.5754850e-04   8.1701389e-04   0.0000000e+00   0.0000000e+00   0.0000000e+00   3.6303241e-02   5.3287406e-04   1.9558097e-03   3.3433400e-03   1.1747175e-03   0.0000000e+00   0.0000000e+00   0.0000000e+00   0.0000000e+00   2.2651357e-04   0.0000000e+00   0.0000000e+00   0.0000000e+00   0.0000000e+00   0.0000000e+00   0.0000000e+00   0.0000000e+00   0.0000000e+00   0.0000000e+00   0.0000000e+00   0.0000000e+00   0.0000000e+00   9.4558164e-04   0.0000000e+00   0.0000000e+00   0.0000000e+00   0.0000000e+00   0.0000000e+00   0.0000000e+00   0.0000000e+00   0.0000000e+00   0.0000000e+00   0.0000000e+00   0.0000000e+00   0.0000000e+00   0.0000000e+00   0.0000000e+00   0.0000000e+00   0.0000000e+00   0.0000000e+00   0.0000000e+00   0.0000000e+00   0.0000000e+00   0.0000000e+00   0.0000000e+00   0.0000000e+00   0.0000000e+00   0.0000000e+00   0.0000000e+00   0.0000000e+00   0.0000000e+00   0.0000000e+00   0.0000000e+00   0.0000000e+00   0.0000000e+00   0.0000000e+00   1.9104686e-03   1.4446997e-02   0.0000000e+00   0.0000000e+00   1.9149353e-02   3.7849276e-03   4.0243304e-04   1.0750119e-03   1.1372618e-03   3.1671012e-04   0.0000000e+00   0.0000000e+00   0.0000000e+00   0.0000000e+00   0.0000000e+00   0.0000000e+00   0.0000000e+00   0.0000000e+00   2.5502519e-03   0.0000000e+00   0.0000000e+00   0.0000000e+00   0.0000000e+00   0.0000000e+00   0.0000000e+00   0.0000000e+00   0.0000000e+00   0.0000000e+00   0.0000000e+00   0.0000000e+00   0.0000000e+00   0.0000000e+00   0.0000000e+00   0.0000000e+00   0.0000000e+00   0.0000000e+00   0.0000000e+00   0.0000000e+00   0.0000000e+00   0.0000000e+00   0.0000000e+00   0.0000000e+00   0.0000000e+00   0.0000000e+00   0.0000000e+00   0.0000000e+00   0.0000000e+00   0.0000000e+00
   6.2779207e-03   1.1160889e-03   4.2988257e-03   1.4927442e-03   0.0000000e+00   1.6736537e-03   3.0930713e-04   0.0000000e+00   2.0753751e-04   6.6939308e-05   0.0000000e+00   0.0000000e+00   0.0000000e+00   0.0000000e+00   0.0000000e+00   1.1664625e-03   1.1670254e-03   0.0000000e+00   3.2781278e-03   2.3646573e-04   6.4356067e-03   0.0000000e+00   3.0298278e-03   0.0000000e+00   3.2389570e-04   0.0000000e+00   0.0000000e+00   0.0000000e+00   6.3614302e-03   0.0000000e+00   0.0000000e+00   0.0000000e+00   0.0000000e+00   0.0000000e+00   0.0000000e+00   0.0000000e+00   0.0000000e+00   0.0000000e+00   0.0000000e+00   0.0000000e+00   0.0000000e+00   0.0000000e+00   0.0000000e+00   0.0000000e+00   0.0000000e+00   0.0000000e+00   0.0000000e+00   0.0000000e+00   0.0000000e+00   0.0000000e+00   0.0000000e+00   0.0000000e+00   0.0000000e+00   0.0000000e+00   0.0000000e+00   0.0000000e+00   0.0000000e+00   0.0000000e+00   0.0000000e+00   0.0000000e+00   4.1858959e-04   0.0000000e+00   3.1984749e-03   4.3780700e-04   0.0000000e+00   0.0000000e+00   1.1743373e-04   0.0000000e+00   4.4256063e-03   1.8297664e-03   3.5263923e-04   6.8319829e-04   0.0000000e+00   0.0000000e+00   0.0000000e+00   0.0000000e+00   0.0000000e+00   0.0000000e+00   7.5010758e-03   0.0000000e+00   0.0000000e+00   0.0000000e+00   0.0000000e+00   0.0000000e+00   0.0000000e+00   0.0000000e+00   0.0000000e+00   0.0000000e+00   0.0000000e+00   0.0000000e+00   0.0000000e+00   0.0000000e+00   0.0000000e+00   0.0000000e+00   1.7096850e-03   0.0000000e+00   0.0000000e+00   0.0000000e+00   0.0000000e+00   0.0000000e+00   1.8089852e-04   0.0000000e+00   0.0000000e+00   0.0000000e+00   0.0000000e+00   0.0000000e+00   3.2950119e-04   0.0000000e+00   2.2966591e-04   0.0000000e+00
   0.0000000e+00   1.0542424e-03   0.0000000e+00   0.0000000e+00   0.0000000e+00   0.0000000e+00   0.0000000e+00   0.0000000e+00   1.1459954e-03   4.0993323e-03   1.0670730e-03   0.0000000e+00   0.0000000e+00   2.2651357e-04   1.1664625e-03   0.0000000e+00   0.0000000e+00   1.9617103e-03   4.0167575e-04   5.4706829e-03   0.0000000e+00   1.3833946e-02   0.0000000e+00   2.1706763e-03   0.0000000e+00   4.1112793e-04   0.0000000e+00   0.0000000e+00   0.0000000e+00   1.2280286e-03   0.0000000e+00   0.0000000e+00   0.0000000e+00   0.0000000e+00   0.0000000e+00   0.0000000e+00   0.0000000e+00   0.0000000e+00   0.0000000e+00   0.0000000e+00   0.0000000e+00   0.0000000e+00   0.0000000e+00   0.0000000e+00   0.0000000e+00   1.4602467e-04   0.0000000e+00   0.0000000e+00   0.0000000e+00   0.0000000e+00   0.0000000e+00   0.0000000e+00   0.0000000e+00   0.0000000e+00   0.0000000e+00   0.0000000e+00   0.0000000e+00   0.0000000e+00   0.0000000e+00   0.0000000e+00   0.0000000e+00   0.0000000e+00   3.3737458e-03   1.2116915e-03   0.0000000e+00   7.0819500e-05   5.4372938e-05   3.5337245e-04   4.9986699e-03   2.5203482e-03   9.6144248e-04   1.0445841e-04   0.0000000e+00   7.8686789e-05   0.0000000e+00   0.0000000e+00   0.0000000e+00   0.0000000e+00   0.0000000e+00   3.6307179e-03   0.0000000e+00   0.0000000e+00   0.0000000e+00   0.0000000e+00   0.0000000e+00   7.9937070e-05   0.0000000e+00   0.0000000e+00   0.0000000e+00   0.0000000e+00   0.0000000e+00   0.0000000e+00   0.0000000e+00   0.0000000e+00   0.0000000e+00   1.4513170e-03   0.0000000e+00   0.0000000e+00   0.0000000e+00   0.0000000e+00   0.0000000e+00   4.8129869e-04   0.0000000e+00   0.0000000e+00   0.0000000e+00   0.0000000e+00   0.0000000e+00   0.0000000e+00   0.0000000e+00   0.0000000e+00
   0.0000000e+00   0.0000000e+00   2.0910717e-03   0.0000000e+00   0.0000000e+00   0.0000000e+00   0.0000000e+00   0.0000000e+00   0.0000000e+00   0.0000000e+00   0.0000000e+00   0.0000000e+00   0.0000000e+00   0.0000000e+00   1.1670254e-03   0.0000000e+00   0.0000000e+00   0.0000000e+00   2.9187565e-04   0.0000000e+00   1.3830825e-04   0.0000000e+00   9.0336597e-03   0.0000000e+00   3.0598103e-03   0.0000000e+00   5.4664676e-04   0.0000000e+00   9.2614247e-03   0.0000000e+00   3.5739006e-03   0.0000000e+00   1.5133018e-04   0.0000000e+00   0.0000000e+00   0.0000000e+00   0.0000000e+00   0.0000000e+00   0.0000000e+00   0.0000000e+00   0.0000000e+00   0.0000000e+00   0.0000000e+00   0.0000000e+00   0.0000000e+00   0.0000000e+00   1.5670852e-04   0.0000000e+00   0.0000000e+00   0.0000000e+00   0.0000000e+00   0.0000000e+00   0.0000000e+00   0.0000000e+00   0.0000000e+00   0.0000000e+00   0.0000000e+00   0.0000000e+00   0.0000000e+00   0.0000000e+00   2.3479012e-03   0.0000000e+00   2.8274471e-04   0.0000000e+00   0.0000000e+00   0.0000000e+00   0.0000000e+00   0.0000000e+00   0.0000000e+00   0.0000000e+00   0.0000000e+00   0.0000000e+00   0.0000000e+00   0.0000000e+00   0.0000000e+00   0.0000000e+00   2.5007728e-04   0.0000000e+00   1.5719803e-02   0.0000000e+00   0.0000000e+00   0.0000000e+00   0.0000000e+00   0.0000000e+00   5.1412852e-04   0.0000000e+00   0.0000000e+00   0.0000000e+00   0.0000000e+00   0.0000000e+00   0.0000000e+00   0.0000000e+00   5.4493658e-04   0.0000000e+00   2.2847477e-02   0.0000000e+00   2.0940916e-02   0.0000000e+00   4.1997447e-03   0.0000000e+00   1.2312021e-02   0.0000000e+00   6.7662776e-03   0.0000000e+00   1.4948162e-03   0.0000000e+00   3.2645305e-04   0.0000000e+00   2.0090987e-04   0.0000000e+00
   0.0000000e+00   0.0000000e+00   0.0000000e+00   0.0000000e+00   0.0000000e+00   0.0000000e+00   5.2065020e-04   0.0000000e+00   0.0000000e+00   1.4969510e-03   0.0000000e+00   0.0000000e+00   0.0000000e+00   0.0000000e+00   0.0000000e+00   1.9617103e-03   0.0000000e+00   0.0000000e+00   0.0000000e+00   3.3747208e-04   0.0000000e+00   3.6674192e-04   0.0000000e+00   1.6980156e-02   0.0000000e+00   2.8485549e-03   0.0000000e+00   9.5748523e-04   0.0000000e+00   9.5076982e-03   0.0000000e+00   7.5849155e-04   0.0000000e+00   0.0000000e+00   0.0000000e+00   0.0000000e+00   0.0000000e+00   0.0000000e+00   0.0000000e+00   0.0000000e+00   0.0000000e+00   0.0000000e+00   0.0000000e+00   0.0000000e+00   0.0000000e+00   0.0000000e+00   0.0000000e+00   3.2721894e-04   0.0000000e+00   0.0000000e+00   0.0000000e+00   0.0000000e+00   0.0000000e+00   0.0000000e+00   0.0000000e+00   0.0000000e+00   0.0000000e+00   0.0000000e+00   0.0000000e+00   0.0000000e+00   0.0000000e+00   3.0415406e-04   0.0000000e+00   0.0000000e+00   0.0000000e+00   0.0000000e+00   0.0000000e+00   0.0000000e+00   0.0000000e+00   0.0000000e+00   0.0000000e+00   0.0000000e+00   0.0000000e+00   4.7510338e-04   2.8425668e-04   0.0000000e+00   0.0000000e+00   0.0000000e+00   0.0000000e+00   1.3876622e-02   0.0000000e+00   0.0000000e+00   0.0000000e+00   0.0000000e+00   0.0000000e+00   0.0000000e+00   0.0000000e+00   0.0000000e+00   0.0000000e+00   0.0000000e+00   0.0000000e+00   0.0000000e+00   0.0000000e+00   0.0000000e+00   0.0000000e+00   1.9275219e-02   0.0000000e+00   1.3182882e-02   0.0000000e+00   4.5055714e-03   0.0000000e+00   8.5787723e-03   0.0000000e+00   8.8098409e-03   0.0000000e+00   2.8141351e-03   0.0000000e+00   0.0000000e+00   0.0000000e+00   0.0000000e+00
   1.5290306e-02   0.0000000e+00   4.8638032e-03   5.3155431e-04   0.0000000e+00   0.0000000e+00   0.0000000e+00   0.0000000e+00   0.0000000e+00   0.0000000e+00   0.0000000e+00   0.0000000e+00   0.0000000e+00   0.0000000e+00   3.2781278e-03   4.0167575e-04   2.9187565e-04   0.0000000e+00   0.0000000e+00   2.8466473e-03   8.1622586e-03   0.0000000e+00   3.5081841e-03   0.0000000e+00   9.4581315e-04   0.0000000e+00   4.9970253e-03   0.0000000e+00   1.0506293e-04   0.0000000e+00   0.0000000e+00   0.0000000e+00   0.0000000e+00   0.0000000e+00   0.0000000e+00   0.0000000e+00   0.0000000e+00   0.0000000e+00   0.0000000e+00   0.0000000e+00   0.0000000e+00   0.0000000e+00   0.0000000e+00   0.0000000e+00   0.0000000e+00   0.0000000e+00   0.0000000e+00   0.0000000e+00   0.0000000e+00   0.0000000e+00   0.0000000e+00   0.0000000e+00   0.0000000e+00   0.0000000e+00   0.0000000e+00   0.0000000e+00   7.2833413e-05   0.0000000e+00   0.0000000e+00   0.0000000e+00   2.3009490e-04   0.0000000e+00   0.0000000e+00   0.0000000e+00   1.9472845e-03   1.2701569e-03   0.0000000e+00   0.0000000e+00   6.4157762e-03   2.5676039e-03   1.2511023e-02   8.8983431e-03   0.0000000e+00   0.0000000e+00   0.0000000e+00   0.0000000e+00   0.0000000e+00   0.0000000e+00   4.0184977e-04   0.0000000e+00   0.0000000e+00   0.0000000e+00   0.0000000e+00   0.0000000e+00   0.0000000e+00   0.0000000e+00   0.0000000e+00   0.0000000e+00   0.0000000e+00   0.0000000e+00   0.0000000e+00   0.0000000e+00   0.0000000e+00   0.0000000e+00   1.1544561e-03   0.0000000e+00   0.0000000e+00   0.0000000e+00   0.0000000e+00   0.0000000e+00   0.0000000e+00   0.0000000e+00   0.0000000e+00   0.0000000e+00   0.0000000e+00   0.0000000e+00   1.7935259e-04   0.0000000e+00   1.5934021e-04   0.0000000e+00
   0.0000000e+00   6.0793823e-03   0.0000000e+00   0.0000000e+00   0.0000000e+00   0.0000000e+00   0.0000000e+00   0.0000000e+00   0.0000000e+00   4.9041793e-04   0.0000000e+00   0.0000000e+00   0.0000000e+00   0.0000000e+00   2.3646573e-04   5.4706829e-03   0.0000000e+00   3.3747208e-04   2.8466473e-03   0.0000000e+00   0.0000000e+00   3.4935544e-02   0.0000000e+00   5.7768428e-04   0.0000000e+00   1.9482129e-02   0.0000000e+00   1.0131838e-02   0.0000000e+00   0.0000000e+00   0.0000000e+00   0.0000000e+00   0.0000000e+00   0.0000000e+00   0.0000000e+00   0.0000000e+00   0.0000000e+00   0.0000000e+00   0.0000000e+00   0.0000000e+00   0.0000000e+00   0.0000000e+00   0.0000000e+00   0.0000000e+00   0.0000000e+00   0.0000000e+00   0.0000000e+00   0.0000000e+00   0.0000000e+00   0.0000000e+00   0.0000000e+00   0.0000000e+00   0.0000000e+00   0.0000000e+00   0.0000000e+00   0.0000000e+00   0.0000000e+00   0.0000000e+00   0.0000000e+00   0.0000000e+00   0.0000000e+00   0.0000000e+00   5.1235451e-04   0.0000000e+00   7.7965978e-04   7.0018126e-03   0.0000000e+00   0.0000000e+00   1.9340926e-03   6.6783902e-04   3.8273641e-04   0.0000000e+00   0.0000000e+00   0.0000000e+00   0.0000000e+00   0.0000000e+00   0.0000000e+00   0.0000000e+00   0.0000000e+00   0.0000000e+00   0.0000000e+00   0.0000000e+00   0.0000000e+00   0.0000000e+00   0.0000000e+00   0.0000000e+00   0.0000000e+00   0.0000000e+00   0.0000000e+00   0.0000000e+00   0.0000000e+00   0.0000000e+00   0.0000000e+00   0.0000000e+00   0.0000000e+00   0.0000000e+00   0.0000000e+00   0.0000000e+00   0.0000000e+00   0.0000000e+00   0.0000000e+00   0.0000000e+00   0.0000000e+00   0.0000000e+00   0.0000000e+00   0.0000000e+00   0.0000000e+00   0.0000000e+00   0.0000000e+00   0.0000000e+00
   8.1199348e-04   0.0000000e+00   1.1104793e-03   0.0000000e+00   0.0000000e+00   0.0000000e+00   0.0000000e+00   0.0000000e+00   0.0000000e+00   0.0000000e+00   0.0000000e+00   0.0000000e+00   0.0000000e+00   0.0000000e+00   6.4356067e-03   0.0000000e+00   1.3830825e-04   0.0000000e+00   8.1622586e-03   0.0000000e+00   0.0000000e+00   0.0000000e+00   6.5839649e-03   0.0000000e+00   8.8160061e-03   0.0000000e+00   1.0467865e-02   0.0000000e+00   0.0000000e+00   0.0000000e+00   0.0000000e+00   0.0000000e+00   0.0000000e+00   0.0000000e+00   0.0000000e+00   0.0000000e+00   0.0000000e+00   0.0000000e+00   0.0000000e+00   0.0000000e+00   0.0000000e+00   0.0000000e+00   0.0000000e+00   0.0000000e+00   0.0000000e+00   0.0000000e+00   5.9979788e-04   0.0000000e+00   0.0000000e+00   0.0000000e+00   0.0000000e+00   0.0000000e+00   0.0000000e+00   0.0000000e+00   0.0000000e+00   0.0000000e+00   0.0000000e+00   0.0000000e+00   0.0000000e+00   0.0000000e+00   0.0000000e+00   0.0000000e+00   0.0000000e+00   0.0000000e+00   0.0000000e+00   2.2300332e-04   0.0000000e+00   0.0000000e+00   0.0000000e+00   0.0000000e+00   0.0000000e+00   0.0000000e+00   0.0000000e+00   0.0000000e+00   0.0000000e+00   0.0000000e+00   0.0000000e+00   0.0000000e+00   0.0000000e+00   0.0000000e+00   0.0000000e+00   0.0000000e+00   0.0000000e+00   0.0000000e+00   0.0000000e+00   0.0000000e+00   0.0000000e+00   0.0000000e+00   0.0000000e+00   0.0000000e+00   0.0000000e+00   0.0000000e+00   0.0000000e+00   0.0000000e+00   2.4298593e-04   0.0000000e+00   0.0000000e+00   0.0000000e+00   0.0000000e+00   0.0000000e+00   0.0000000e+00   0.0000000e+00   0.0000000e+00   0.0000000e+00   0.0000000e+00   0.0000000e+00   0.0000000e+00   0.0000000e+00   0.0000000e+00   0.0000000e+00
   0.0000000e+00   0.0000000e+00   0.0000000e+00   0.0000000e+00   0.0000000e+00   0.0000000e+00   0.0000000e+00   0.0000000e+00   0.0000000e+00   0.0000000e+00   0.0000000e+00   0.0000000e+00   0.0000000e+00   0.0000000e+00   0.0000000e+00   1.3833946e-02   0.0000000e+00   3.6674192e-04   0.0000000e+00   3.4935544e-02   0.0000000e+00   0.0000000e+00   0.0000000e+00   1.1472896e-03   0.0000000e+00   6.4897445e-03   0.0000000e+00   8.3299647e-03   0.0000000e+00   0.0000000e+00   0.0000000e+00   0.0000000e+00   0.0000000e+00   0.0000000e+00   0.0000000e+00   0.0000000e+00   0.0000000e+00   0.0000000e+00   0.0000000e+00   1.5936245e-04   0.0000000e+00   0.0000000e+00   0.0000000e+00   0.0000000e+00   0.0000000e+00   0.0000000e+00   0.0000000e+00   0.0000000e+00   0.0000000e+00   0.0000000e+00   0.0000000e+00   0.0000000e+00   0.0000000e+00   2.1989984e-04   0.0000000e+00   1.4108343e-04   0.0000000e+00   0.0000000e+00   0.0000000e+00   0.0000000e+00   0.0000000e+00   0.0000000e+00   0.0000000e+00   0.0000000e+00   1.3152915e-04   8.3220469e-03   0.0000000e+00   0.0000000e+00   0.0000000e+00   0.0000000e+00   0.0000000e+00   0.0000000e+00   0.0000000e+00   0.0000000e+00   0.0000000e+00   0.0000000e+00   0.0000000e+00   0.0000000e+00   0.0000000e+00   0.0000000e+00   0.0000000e+00   0.0000000e+00   0.0000000e+00   0.0000000e+00   0.0000000e+00   0.0000000e+00   0.0000000e+00   0.0000000e+00   0.0000000e+00   0.0000000e+00   0.0000000e+00   0.0000000e+00   0.0000000e+00   0.0000000e+00   0.0000000e+00   1.7536075e-04   0.0000000e+00   0.0000000e+00   0.0000000e+00   0.0000000e+00   0.0000000e+00   0.0000000e+00   0.0000000e+00   0.0000000e+00   0.0000000e+00   0.0000000e+00   0.0000000e+00   0.0000000e+00   0.0000000e+00   0.0000000e+00
