   0.0000000e+00   2.9133318e-02   3.6393216e-03   7.4221177e-03   9.7539134e-03   2.5661343e-04   1.7340688e-03   7.6820969e-03   1.5881559e-02   0.0000000e+00   0.0000000e+00   4.1497631e-04   0.0000000e+00   0.0000000e+00   1.4431648e-03   0.0000000e+00   1.0802389e-03   0.0000000e+00   6.3656681e-03   0.0000000e+00   0.0000000e+00   0.0000000e+00   2.6057382e-03   0.0000000e+00   0.0000000e+00   0.0000000e+00   6.7283296e-03   0.0000000e+00   0.0000000e+00   0.0000000e+00   0.0000000e+00   0.0000000e+00   0.0000000e+00   0.0000000e+00   0.0000000e+00   0.0000000e+00   0.0000000e+00   0.0000000e+00   0.0000000e+00   0.0000000e+00   0.0000000e+00   0.0000000e+00   0.0000000e+00   0.0000000e+00   0.0000000e+00   0.0000000e+00   2.4561824e-03   0.0000000e+00   5.3011400e-04   0.0000000e+00   0.0000000e+00   0.0000000e+00   0.0000000e+00   0.0000000e+00   0.0000000e+00   0.0000000e+00   3.5370557e-04   0.0000000e+00   0.0000000e+00   0.0000000e+00   2.8610585e-03   0.0000000e+00   2.4351158e-03   0.0000000e+00   1.8194880e-03   0.0000000e+00   3.2188283e-03   0.0000000e+00   8.6608634e-04   0.0000000e+00   3.2768032e-04   0.0000000e+00   1.5116092e-03   0.0000000e+00   8.0839863e-04   1.5305639e-03   0.0000000e+00   0.0000000e+00   3.2621678e-04   0.0000000e+00   0.0000000e+00   0.0000000e+00   2.9647332e-04   0.0000000e+00   1.2558790e-02   0.0000000e+00   0.0000000e+00   0.0000000e+00   0.0000000e+00   0.0000000e+00   0.0000000e+00   0.0000000e+00   8.7322021e-04   0.0000000e+00   0.0000000e+00   0.0000000e+00   0.0000000e+00   0.0000000e+00   0.0000000e+00   0.0000000e+00   6.2966487e-03   0.0000000e+00   0.0000000e+00   0.0000000e+00   0.0000000e+00   0.0000000e+00   0.0000000e+00   0.0000000e+00   1.4684856e-03   1.9081719e-04
   2.9133318e-02   0.0000000e+00   1.4594683e-03   5.3723838e-03   3.8369147e-03   0.0000000e+00   0.0000000e+00   1.9555183e-03   1.0058711e-02   9.7552528e-04   0.0000000e+00   0.0000000e+00   0.0000000e+00   1.8122379e-03   1.2451210e-03   1.8033079e-03   9.8013503e-04   0.0000000e+00   0.0000000e+00   0.0000000e+00   0.0000000e+00   0.0000000e+00   0.0000000e+00   0.0000000e+00   0.0000000e+00   0.0000000e+00   0.0000000e+00   0.0000000e+00   0.0000000e+00   0.0000000e+00   0.0000000e+00   0.0000000e+00   0.0000000e+00   0.0000000e+00   0.0000000e+00   0.0000000e+00   0.0000000e+00   0.0000000e+00   0.0000000e+00   0.0000000e+00   0.0000000e+00   0.0000000e+00   0.0000000e+00   0.0000000e+00   0.0000000e+00   0.0000000e+00   0.0000000e+00   0.0000000e+00   0.0000000e+00   0.0000000e+00   0.0000000e+00   0.0000000e+00   0.0000000e+00   0.0000000e+00   0.0000000e+00   0.0000000e+00   0.0000000e+00   0.0000000e+00   0.0000000e+00   0.0000000e+00   0.0000000e+00   0.0000000e+00   1.5200603e-02   2.5109556e-03   0.0000000e+00   0.0000000e+00   5.7897025e-03   0.0000000e+00   2.7684814e-03   1.5467459e-03   3.6882605e-04   0.0000000e+00   0.0000000e+00   0.0000000e+00   0.0000000e+00   0.0000000e+00   0.0000000e+00   0.0000000e+00   4.1377495e-04   0.0000000e+00   0.0000000e+00   0.0000000e+00   0.0000000e+00   0.0000000e+00   0.0000000e+00   0.0000000e+00   0.0000000e+00   0.0000000e+00   0.0000000e+00   0.0000000e+00   0.0000000e+00   0.0000000e+00   0.0000000e+00   0.0000000e+00   0.0000000e+00   0.0000000e+00   0.0000000e+00   0.0000000e+00   0.0000000e+00   0.0000000e+00   8.7059772e-04   0.0000000e+00   0.0000000e+00   0.0000000e+00   0.0000000e+00   0.0000000e+00   0.0000000e+00   0.0000000e+00   0.0000000e+00   0.0000000e+00
   3.6393216e-03   1.4594683e-03   0.0000000e+00   6.2466537e-03   4.4054495e-04   1.7736559e-03   6.1961422e-03   5.1591143e-04   2.1881008e-03   0.0000000e+00   0.0000000e+00   0.0000000e+00   0.0000000e+00   0.0000000e+00   7.4232275e-03   0.0000000e+00   7.3896987e-03   0.0000000e+00   2.3645772e-03   0.0000000e+00   5.3529449e-04   0.0000000e+00   2.4708960e-02   0.0000000e+00   3.1212551e-03   0.0000000e+00   3.5307250e-03   0.0000000e+00   5.3213483e-04   0.0000000e+00   0.0000000e+00   0.0000000e+00   0.0000000e+00   0.0000000e+00   0.0000000e+00   0.0000000e+00   0.0000000e+00   0.0000000e+00   0.0000000e+00   0.0000000e+00   0.0000000e+00   0.0000000e+00   0.0000000e+00   0.0000000e+00   0.0000000e+00   0.0000000e+00   7.3566827e-03   0.0000000e+00   2.3043927e-03   0.0000000e+00   0.0000000e+00   0.0000000e+00   0.0000000e+00   0.0000000e+00   0.0000000e+00   0.0000000e+00   1.3268617e-03   0.0000000e+00   0.0000000e+00   0.0000000e+00   0.0000000e+00   0.0000000e+00   1.9105750e-02   0.0000000e+00   0.0000000e+00   0.0000000e+00   6.5457545e-03   0.0000000e+00   0.0000000e+00   0.0000000e+00   0.0000000e+00   0.0000000e+00   0.0000000e+00   0.0000000e+00   1.2969710e-03   0.0000000e+00   2.7853575e-03   0.0000000e+00   2.0908800e-02   0.0000000e+00   6.2333653e-04   0.0000000e+00   0.0000000e+00   0.0000000e+00   2.4441784e-03   0.0000000e+00   0.0000000e+00   0.0000000e+00   0.0000000e+00   0.0000000e+00   0.0000000e+00   0.0000000e+00   1.8755030e-03   0.0000000e+00   1.3910071e-02   0.0000000e+00   0.0000000e+00   0.0000000e+00   0.0000000e+00   0.0000000e+00   3.0137309e-03   0.0000000e+00   0.0000000e+00   0.0000000e+00   0.0000000e+00   0.0000000e+00   0.0000000e+00   0.0000000e+00   9.7042545e-04   0.0000000e+00
   7.4221177e-03   5.3723838e-03   6.2466537e-03   0.0000000e+00   9.0810979e-04   3.5138565e-03   1.1335876e-03   1.2033087e-03   1.5866718e-03   0.0000000e+00   0.0000000e+00   0.0000000e+00   0.0000000e+00   0.0000000e+00   4.2367221e-03   0.0000000e+00   2.2991987e-03   0.0000000e+00   1.4316545e-03   0.0000000e+00   0.0000000e+00   0.0000000e+00   1.9669890e-02   0.0000000e+00   1.1627398e-03   0.0000000e+00   4.2527005e-03   0.0000000e+00   6.3487569e-04   0.0000000e+00   0.0000000e+00   0.0000000e+00   0.0000000e+00   0.0000000e+00   0.0000000e+00   0.0000000e+00   0.0000000e+00   0.0000000e+00   0.0000000e+00   0.0000000e+00   0.0000000e+00   0.0000000e+00   0.0000000e+00   0.0000000e+00   0.0000000e+00   0.0000000e+00   4.7045542e-03   0.0000000e+00   1.6459175e-03   0.0000000e+00   0.0000000e+00   0.0000000e+00   0.0000000e+00   0.0000000e+00   0.0000000e+00   0.0000000e+00   1.9221381e-03   0.0000000e+00   0.0000000e+00   0.0000000e+00   0.0000000e+00   0.0000000e+00   7.1374708e-03   0.0000000e+00   0.0000000e+00   0.0000000e+00   0.0000000e+00   0.0000000e+00   0.0000000e+00   0.0000000e+00   0.0000000e+00   0.0000000e+00   0.0000000e+00   0.0000000e+00   2.0774414e-03   0.0000000e+00   5.4370074e-03   0.0000000e+00   7.8978156e-03   0.0000000e+00   0.0000000e+00   0.0000000e+00   0.0000000e+00   0.0000000e+00   0.0000000e+00   0.0000000e+00   0.0000000e+00   0.0000000e+00   0.0000000e+00   0.0000000e+00   0.0000000e+00   0.0000000e+00   0.0000000e+00   0.0000000e+00   1.2923357e-02   0.0000000e+00   0.0000000e+00   0.0000000e+00   0.0000000e+00   0.0000000e+00   0.0000000e+00   0.0000000e+00   0.0000000e+00   0.0000000e+00   0.0000000e+00   0.0000000e+00   0.0000000e+00   0.0000000e+00   5.5869897e-04   0.0000000e+00
   9.7539134e-03   3.8369147e-03   4.4054495e-04   9.0810979e-04   0.0000000e+00   2.4649613e-02   0.0000000e+00   2.2757824e-03   0.0000000e+00   0.0000000e+00   0.0000000e+00   1.2145014e-03   0.0000000e+00   0.0000000e+00   0.0000000e+00   0.0000000e+00   0.0000000e+00   0.0000000e+00   0.0000000e+00   0.0000000e+00   0.0000000e+00   0.0000000e+00   0.0000000e+00   0.0000000e+00   0.0000000e+00   0.0000000e+00   0.0000000e+00   0.0000000e+00   5.7874615e-03   0.0000000e+00   0.0000000e+00   0.0000000e+00   0.0000000e+00   0.0000000e+00   0.0000000e+00   0.0000000e+00   0.0000000e+00   0.0000000e+00   0.0000000e+00   0.0000000e+00   0.0000000e+00   0.0000000e+00   0.0000000e+00   0.0000000e+00   0.0000000e+00   0.0000000e+00   0.0000000e+00   0.0000000e+00   0.0000000e+00   0.0000000e+00   0.0000000e+00   0.0000000e+00   0.0000000e+00   0.0000000e+00   0.0000000e+00   0.0000000e+00   0.0000000e+00   0.0000000e+00   0.0000000e+00   0.0000000e+00   5.4168612e-03   1.0573954e-03   0.0000000e+00   0.0000000e+00   0.0000000e+00   0.0000000e+00   0.0000000e+00   0.0000000e+00   0.0000000e+00   0.0000000e+00   0.0000000e+00   0.0000000e+00   3.6788977e-03   0.0000000e+00   4.0222858e-03   0.0000000e+00   8.1284015e-04   0.0000000e+00   1.9563389e-03   0.0000000e+00   5.1164449e-03   0.0000000e+00   1.1143619e-02   0.0000000e+00   1.1358797e-02   3.7820806e-04   1.4894467e-03   0.0000000e+00   6.0165487e-03   0.0000000e+00   1.1191755e-03   0.0000000e+00   0.0000000e+00   0.0000000e+00   0.0000000e+00   0.0000000e+00   0.0000000e+00   0.0000000e+00   0.0000000e+00   0.0000000e+00   0.0000000e+00   0.0000000e+00   0.0000000e+00   0.0000000e+00   0.0000000e+00   0.0000000e+00   2.6914628e-03   0.0000000e+00   0.0000000e+00   0.0000000e+00
   2.5661343e-04   0.0000000e+00   1.7736559e-03   3.5138565e-03   2.4649613e-02   0.0000000e+00   1.3345744e-03   0.0000000e+00   0.0000000e+00   0.0000000e+00   0.0000000e+00   0.0000000e+00   0.0000000e+00   0.0000000e+00   0.0000000e+00   0.0000000e+00   3.3596852e-04   0.0000000e+00   0.0000000e+00   0.0000000e+00   0.0000000e+00   0.0000000e+00   0.0000000e+00   0.0000000e+00   0.0000000e+00   0.0000000e+00   0.0000000e+00   0.0000000e+00   6.7268599e-03   0.0000000e+00   0.0000000e+00   0.0000000e+00   0.0000000e+00   0.0000000e+00   0.0000000e+00   0.0000000e+00   0.0000000e+00   0.0000000e+00   0.0000000e+00   0.0000000e+00   0.0000000e+00   0.0000000e+00   0.0000000e+00   0.0000000e+00   0.0000000e+00   0.0000000e+00   0.0000000e+00   0.0000000e+00   0.0000000e+00   0.0000000e+00   0.0000000e+00   0.0000000e+00   0.0000000e+00   0.0000000e+00   0.0000000e+00   0.0000000e+00   0.0000000e+00   0.0000000e+00   0.0000000e+00   0.0000000e+00   1.2495483e-03   0.0000000e+00   1.5368587e-03   0.0000000e+00   0.0000000e+00   0.0000000e+00   4.3698798e-04   0.0000000e+00   0.0000000e+00   0.0000000e+00   0.0000000e+00   0.0000000e+00   1.7466041e-03   0.0000000e+00   0.0000000e+00   0.0000000e+00   0.0000000e+00   0.0000000e+00   6.7159113e-03   0.0000000e+00   4.6378472e-03   0.0000000e+00   3.2395840e-03   0.0000000e+00   2.0066155e-03   0.0000000e+00   7.6786210e-04   0.0000000e+00   6.4585653e-04   0.0000000e+00   3.7706929e-04   0.0000000e+00   0.0000000e+00   0.0000000e+00   0.0000000e+00   0.0000000e+00   0.0000000e+00   0.0000000e+00   0.0000000e+00   0.0000000e+00   0.0000000e+00   0.0000000e+00   0.0000000e+00   0.0000000e+00   0.0000000e+00   0.0000000e+00   0.0000000e+00   0.0000000e+00   0.0000000e+00   0.0000000e+00
   1.7340688e-03   0.0000000e+00   6.1961422e-03   1.1335876e-03   0.0000000e+00   1.3345744e-03   0.0000000e+00   0.0000000e+00   1.4722390e-03   1.4146135e-03   0.0000000e+00   0.0000000e+00   0.0000000e+00   3.0598650e-03   4.7158536e-04   3.9443723e-04   9.3063135e-04   0.0000000e+00   0.0000000e+00   0.0000000e+00   0.0000000e+00   0.0000000e+00   0.0000000e+00   0.0000000e+00   0.0000000e+00   0.0000000e+00   0.0000000e+00   0.0000000e+00   0.0000000e+00   0.0000000e+00   0.0000000e+00   0.0000000e+00   0.0000000e+00   0.0000000e+00   0.0000000e+00   0.0000000e+00   0.0000000e+00   0.0000000e+00   0.0000000e+00   0.0000000e+00   0.0000000e+00   0.0000000e+00   0.0000000e+00   0.0000000e+00   0.0000000e+00   0.0000000e+00   0.0000000e+00   0.0000000e+00   0.0000000e+00   0.0000000e+00   0.0000000e+00   0.0000000e+00   0.0000000e+00   0.0000000e+00   0.0000000e+00   0.0000000e+00   0.0000000e+00   0.0000000e+00   0.0000000e+00   0.0000000e+00   0.0000000e+00   0.0000000e+00   1.7345755e-02   1.3569858e-03   0.0000000e+00   0.0000000e+00   2.2684709e-02   0.0000000e+00   2.1862323e-03   2.0689483e-03   6.7475982e-04   6.8523006e-04   0.0000000e+00   0.0000000e+00   0.0000000e+00   0.0000000e+00   0.0000000e+00   0.0000000e+00   1.3929947e-03   0.0000000e+00   0.0000000e+00   0.0000000e+00   0.0000000e+00   0.0000000e+00   0.0000000e+00   0.0000000e+00   0.0000000e+00   0.0000000e+00   0.0000000e+00   0.0000000e+00   0.0000000e+00   0.0000000e+00   0.0000000e+00   0.0000000e+00   0.0000000e+00   0.0000000e+00   0.0000000e+00   0.0000000e+00   0.0000000e+00   0.0000000e+00   0.0000000e+00   0.0000000e+00   0.0000000e+00   0.0000000e+00   0.0000000e+00   0.0000000e+00   0.0000000e+00   0.0000000e+00   0.0000000e+00   0.0000000e+00
   7.6820969e-03   1.9555183e-03   5.1591143e-04   1.2033087e-03   2.2757824e-03   0.0000000e+00   0.0000000e+00   0.0000000e+00   3.0419336e-02   8.5501142e-03   5.3061093e-03   1.0188084e-02   9.0489242e-03   2.0794646e-03   1.1922945e-03   1.2843469e-03   0.0000000e+00   0.0000000e+00   1.9676884e-03   2.3632426e-03   0.0000000e+00   0.0000000e+00   0.0000000e+00   2.3067278e-03   0.0000000e+00   0.0000000e+00   9.9593637e-04   1.3744168e-03   0.0000000e+00   6.7637391e-04   0.0000000e+00   0.0000000e+00   0.0000000e+00   0.0000000e+00   0.0000000e+00   0.0000000e+00   0.0000000e+00   0.0000000e+00   0.0000000e+00   0.0000000e+00   0.0000000e+00   0.0000000e+00   0.0000000e+00   0.0000000e+00   0.0000000e+00   0.0000000e+00   1.2460172e-03   2.7051410e-03   0.0000000e+00   2.8989835e-04   0.0000000e+00   0.0000000e+00   0.0000000e+00   0.0000000e+00   0.0000000e+00   0.0000000e+00   0.0000000e+00   5.7801689e-04   0.0000000e+00   0.0000000e+00   0.0000000e+00   0.0000000e+00   0.0000000e+00   0.0000000e+00   5.4047186e-04   0.0000000e+00   3.9571521e-04   9.8365858e-04   0.0000000e+00   0.0000000e+00   0.0000000e+00   0.0000000e+00   2.0486903e-03   9.2691692e-04   0.0000000e+00   4.0289920e-04   0.0000000e+00   0.0000000e+00   0.0000000e+00   2.1958662e-03   0.0000000e+00   6.1245522e-04   0.0000000e+00   0.0000000e+00   3.8958301e-04   5.3121311e-04   0.0000000e+00   0.0000000e+00   0.0000000e+00   0.0000000e+00   0.0000000e+00   0.0000000e+00   0.0000000e+00   0.0000000e+00   0.0000000e+00   7.1407358e-04   0.0000000e+00   0.0000000e+00   0.0000000e+00   0.0000000e+00   0.0000000e+00   0.0000000e+00   0.0000000e+00   0.0000000e+00   0.0000000e+00   0.0000000e+00   0.0000000e+00   0.0000000e+00   0.0000000e+00   2.1734274e-03
   1.5881559e-02   1.0058711e-02   2.1881008e-03   1.5866718e-03   0.0000000e+00   0.0000000e+00   1.4722390e-03   3.0419336e-02   0.0000000e+00   1.8284342e-03   4.3263111e-03   2.6132834e-03   5.4584532e-04   0.0000000e+00   1.4150421e-03   1.4206972e-03   0.0000000e+00   0.0000000e+00   0.0000000e+00   0.0000000e+00   0.0000000e+00   0.0000000e+00   0.0000000e+00   0.0000000e+00   0.0000000e+00   0.0000000e+00   1.5020009e-04   0.0000000e+00   0.0000000e+00   0.0000000e+00   0.0000000e+00   0.0000000e+00   0.0000000e+00   0.0000000e+00   0.0000000e+00   0.0000000e+00   0.0000000e+00   0.0000000e+00   0.0000000e+00   0.0000000e+00   0.0000000e+00   9.7935404e-04   0.0000000e+00   0.0000000e+00   0.0000000e+00   0.0000000e+00   2.2687860e-04   0.0000000e+00   0.0000000e+00   0.0000000e+00   0.0000000e+00   0.0000000e+00   0.0000000e+00   0.0000000e+00   0.0000000e+00   0.0000000e+00   0.0000000e+00   0.0000000e+00   0.0000000e+00   0.0000000e+00   0.0000000e+00   0.0000000e+00   2.2256844e-03   8.3201762e-03   0.0000000e+00   0.0000000e+00   5.4553223e-04   0.0000000e+00   0.0000000e+00   0.0000000e+00   0.0000000e+00   0.0000000e+00   0.0000000e+00   0.0000000e+00   0.0000000e+00   0.0000000e+00   0.0000000e+00   0.0000000e+00   0.0000000e+00   0.0000000e+00   0.0000000e+00   0.0000000e+00   0.0000000e+00   0.0000000e+00   0.0000000e+00   0.0000000e+00   0.0000000e+00   1.0333311e-03   0.0000000e+00   0.0000000e+00   0.0000000e+00   0.0000000e+00   0.0000000e+00   0.0000000e+00   0.0000000e+00   0.0000000e+00   0.0000000e+00   0.0000000e+00   0.0000000e+00   0.0000000e+00   1.0460981e-03   0.0000000e+00   0.0000000e+00   0.0000000e+00   0.0000000e+00   0.0000000e+00   0.0000000e+00   0.0000000e+00   0.0000000e+00   3.5226183e-03
   0.0000000e+00   9.7552528e-04   0.0000000e+00   0.0000000e+00   0.0000000e+00   0.0000000e+00   1.4146135e-03   8.5501142e-03   1.8284342e-03   0.0000000e+00   7.8660843e-03   4.2631495e-03   2.6910460e-03   8.4939775e-03   0.0000000e+00   8.2169851e-03   0.0000000e+00   5.3083278e-03   0.0000000e+00   9.8842953e-03   0.0000000e+00   1.7209572e-04   0.0000000e+00   1.7876940e-02   0.0000000e+00   6.7686860e-03   0.0000000e+00   3.8933627e-03   0.0000000e+00   1.2603646e-03   0.0000000e+00   0.0000000e+00   0.0000000e+00   0.0000000e+00   0.0000000e+00   0.0000000e+00   0.0000000e+00   0.0000000e+00   0.0000000e+00   1.4226150e-03   0.0000000e+00   0.0000000e+00   0.0000000e+00   0.0000000e+00   0.0000000e+00   4.5322347e-04   0.0000000e+00   8.3194245e-03   0.0000000e+00   4.7315295e-04   0.0000000e+00   0.0000000e+00   0.0000000e+00   0.0000000e+00   0.0000000e+00   4.1013696e-04   0.0000000e+00   4.0842161e-03   0.0000000e+00   1.3404519e-03   0.0000000e+00   0.0000000e+00   0.0000000e+00   8.1185329e-03   0.0000000e+00   0.0000000e+00   5.3356284e-04   4.8953226e-03   0.0000000e+00   6.8413397e-04   0.0000000e+00   0.0000000e+00   0.0000000e+00   0.0000000e+00   0.0000000e+00   3.3045146e-04   0.0000000e+00   2.3316765e-03   0.0000000e+00   2.0571644e-02   0.0000000e+00   3.4188691e-04   0.0000000e+00   0.0000000e+00   0.0000000e+00   0.0000000e+00   0.0000000e+00   0.0000000e+00   0.0000000e+00   0.0000000e+00   0.0000000e+00   0.0000000e+00   0.0000000e+00   0.0000000e+00   0.0000000e+00   1.8197902e-02   0.0000000e+00   9.2351759e-04   0.0000000e+00   1.5015115e-03   0.0000000e+00   0.0000000e+00   0.0000000e+00   6.7849000e-04   0.0000000e+00   8.2599147e-04   0.0000000e+00   0.0000000e+00   0.0000000e+00   4.0773441e-03
   0.0000000e+00   0.0000000e+00   0.0000000e+00   0.0000000e+00   0.0000000e+00   0.0000000e+00   0.0000000e+00   5.3061093e-03   4.3263111e-03   7.8660843e-03   0.0000000e+00   2.5274490e-03   5.7103739e-03   2.2189747e-02   0.0000000e+00   2.5823462e-03   0.0000000e+00   0.0000000e+00   0.0000000e+00   1.8536573e-03   0.0000000e+00   0.0000000e+00   0.0000000e+00   9.5689887e-03   0.0000000e+00   0.0000000e+00   0.0000000e+00   5.4322993e-04   0.0000000e+00   3.2497956e-03   0.0000000e+00   0.0000000e+00   0.0000000e+00   0.0000000e+00   0.0000000e+00   0.0000000e+00   0.0000000e+00   0.0000000e+00   0.0000000e+00   0.0000000e+00   0.0000000e+00   0.0000000e+00   0.0000000e+00   0.0000000e+00   0.0000000e+00   0.0000000e+00   0.0000000e+00   2.6982112e-03   0.0000000e+00   8.7454659e-04   0.0000000e+00   0.0000000e+00   0.0000000e+00   0.0000000e+00   0.0000000e+00   0.0000000e+00   0.0000000e+00   4.2495641e-03   0.0000000e+00   0.0000000e+00   0.0000000e+00   0.0000000e+00   0.0000000e+00   0.0000000e+00   0.0000000e+00   0.0000000e+00   0.0000000e+00   0.0000000e+00   0.0000000e+00   0.0000000e+00   0.0000000e+00   0.0000000e+00   0.0000000e+00   0.0000000e+00   0.0000000e+00   4.5717925e-04   0.0000000e+00   1.4005125e-03   0.0000000e+00   5.4660733e-03   0.0000000e+00   0.0000000e+00   0.0000000e+00   0.0000000e+00   0.0000000e+00   0.0000000e+00   0.0000000e+00   0.0000000e+00   0.0000000e+00   0.0000000e+00   0.0000000e+00   0.0000000e+00   0.0000000e+00   0.0000000e+00   0.0000000e+00   5.7542785e-03   0.0000000e+00   0.0000000e+00   0.0000000e+00   0.0000000e+00   0.0000000e+00   0.0000000e+00   0.0000000e+00   0.0000000e+00   0.0000000e+00   0.0000000e+00   0.0000000e+00   0.0000000e+00   0.0000000e+00   3.4908047e-04
   4.1497631e-04   0.0000000e+00   0.0000000e+00   0.0000000e+00   1.2145014e-03   0.0000000e+00   0.0000000e+00   1.0188084e-02   2.6132834e-03   4.2631495e-03   2.5274490e-03   0.0000000e+00   1.7358460e-02   4.0875880e-04   0.0000000e+00   0.0000000e+00   0.0000000e+00   0.0000000e+00   0.0000000e+00   0.0000000e+00   0.0000000e+00   0.0000000e+00   0.0000000e+00   0.0000000e+00   0.0000000e+00   0.0000000e+00   0.0000000e+00   0.0000000e+00   0.0000000e+00   7.0894674e-03   0.0000000e+00   0.0000000e+00   0.0000000e+00   0.0000000e+00   0.0000000e+00   0.0000000e+00   0.0000000e+00   0.0000000e+00   0.0000000e+00   0.0000000e+00   0.0000000e+00   7.1732444e-04   0.0000000e+00   0.0000000e+00   0.0000000e+00   0.0000000e+00   0.0000000e+00   0.0000000e+00   0.0000000e+00   0.0000000e+00   0.0000000e+00   0.0000000e+00   0.0000000e+00   0.0000000e+00   0.0000000e+00   0.0000000e+00   0.0000000e+00   0.0000000e+00   0.0000000e+00   1.5185137e-03   1.2019975e-03   0.0000000e+00   0.0000000e+00   0.0000000e+00   0.0000000e+00   0.0000000e+00   0.0000000e+00   0.0000000e+00   0.0000000e+00   0.0000000e+00   0.0000000e+00   0.0000000e+00   2.2109692e-03   5.6660437e-03   0.0000000e+00   4.2447564e-04   0.0000000e+00   0.0000000e+00   0.0000000e+00   1.3153505e-03   0.0000000e+00   1.1057758e-02   0.0000000e+00   7.4296048e-03   0.0000000e+00   4.6442297e-03   0.0000000e+00   8.3801238e-04   0.0000000e+00   9.5403496e-03   0.0000000e+00   4.5260521e-03   0.0000000e+00   2.3433720e-03   0.0000000e+00   0.0000000e+00   0.0000000e+00   0.0000000e+00   0.0000000e+00   0.0000000e+00   0.0000000e+00   0.0000000e+00   0.0000000e+00   0.0000000e+00   0.0000000e+00   0.0000000e+00   6.6886642e-04   0.0000000e+00   0.0000000e+00   2.9927047e-04
   0.0000000e+00   0.0000000e+00   0.0000000e+00   0.0000000e+00   0.0000000e+00   0.0000000e+00   0.0000000e+00   9.0489242e-03   5.4584532e-04   2.6910460e-03   5.7103739e-03   1.7358460e-02   0.0000000e+00   2.4175438e-03   0.0000000e+00   7.1521835e-04   0.0000000e+00   0.0000000e+00   0.0000000e+00   0.0000000e+00   0.0000000e+00   0.0000000e+00   0.0000000e+00   0.0000000e+00   0.0000000e+00   0.0000000e+00   0.0000000e+00   0.0000000e+00   0.0000000e+00   1.0308464e-02   0.0000000e+00   0.0000000e+00   0.0000000e+00   0.0000000e+00   0.0000000e+00   0.0000000e+00   0.0000000e+00   0.0000000e+00   0.0000000e+00   0.0000000e+00   0.0000000e+00   0.0000000e+00   0.0000000e+00   0.0000000e+00   0.0000000e+00   0.0000000e+00   0.0000000e+00   2.3035168e-04   0.0000000e+00   0.0000000e+00   0.0000000e+00   0.0000000e+00   0.0000000e+00   0.0000000e+00   0.0000000e+00   0.0000000e+00   0.0000000e+00   0.0000000e+00   0.0000000e+00   0.0000000e+00   0.0000000e+00   0.0000000e+00   0.0000000e+00   9.1315873e-04   0.0000000e+00   0.0000000e+00   0.0000000e+00   0.0000000e+00   0.0000000e+00   0.0000000e+00   0.0000000e+00   0.0000000e+00   0.0000000e+00   1.5767499e-03   0.0000000e+00   0.0000000e+00   0.0000000e+00   0.0000000e+00   0.0000000e+00   7.1026600e-03   0.0000000e+00   1.1333485e-02   0.0000000e+00   1.3372636e-03   0.0000000e+00   1.9729886e-04   0.0000000e+00   1.6396032e-03   0.0000000e+00   0.0000000e+00   0.0000000e+00   0.0000000e+00   0.0000000e+00   0.0000000e+00   0.0000000e+00   0.0000000e+00   0.0000000e+00   0.0000000e+00   0.0000000e+00   0.0000000e+00   0.0000000e+00   0.0000000e+00   0.0000000e+00   0.0000000e+00   0.0000000e+00   0.0000000e+00   0.0000000e+00   0.0000000e+00   0.0000000e+00   0.0000000e+00
   0.0000000e+00   1.8122379e-03   0.0000000e+00   0.0000000e+00   0.0000000e+00   0.0000000e+00   3.0598650e-03   2.0794646e-03   0.0000000e+00   8.4939775e-03   2.2189747e-02   4.0875880e-04   2.4175438e-03   0.0000000e+00   0.0000000e+00   9.6439426e-04   0.0000000e+00   0.0000000e+00   0.0000000e+00   0.0000000e+00   0.0000000e+00   0.0000000e+00   0.0000000e+00   0.0000000e+00   0.0000000e+00   0.0000000e+00   0.0000000e+00   0.0000000e+00   0.0000000e+00   5.7120444e-04   0.0000000e+00   0.0000000e+00   0.0000000e+00   0.0000000e+00   0.0000000e+00   0.0000000e+00   0.0000000e+00   0.0000000e+00   0.0000000e+00   0.0000000e+00   0.0000000e+00   0.0000000e+00   0.0000000e+00   0.0000000e+00   0.0000000e+00   0.0000000e+00   0.0000000e+00   0.0000000e+00   0.0000000e+00   0.0000000e+00   0.0000000e+00   0.0000000e+00   0.0000000e+00   0.0000000e+00   0.0000000e+00   0.0000000e+00   0.0000000e+00   0.0000000e+00   0.0000000e+00   0.0000000e+00   0.0000000e+00   0.0000000e+00   4.9682037e-03   1.1270953e-02   0.0000000e+00   0.0000000e+00   3.0249855e-03   7.7555572e-03   3.9493009e-04   9.8950459e-04   0.0000000e+00   7.3162942e-04   0.0000000e+00   0.0000000e+00   0.0000000e+00   0.0000000e+00   0.0000000e+00   0.0000000e+00   0.0000000e+00   4.4334781e-04   0.0000000e+00   0.0000000e+00   0.0000000e+00   0.0000000e+00   0.0000000e+00   0.0000000e+00   0.0000000e+00   0.0000000e+00   0.0000000e+00   0.0000000e+00   0.0000000e+00   0.0000000e+00   0.0000000e+00   0.0000000e+00   0.0000000e+00   0.0000000e+00   0.0000000e+00   0.0000000e+00   0.0000000e+00   0.0000000e+00   0.0000000e+00   0.0000000e+00   0.0000000e+00   0.0000000e+00   0.0000000e+00   0.0000000e+00   0.0000000e+00   0.0000000e+00   0.0000000e+00   4.1528483e-04
   1.4431648e-03   1.2451210e-03   7.4232275e-03   4.2367221e-03   0.0000000e+00   0.0000000e+00   4.7158536e-04   1.1922945e-03   1.4150421e-03   0.0000000e+00   0.0000000e+00   0.0000000e+00   0.0000000e+00   0.0000000e+00   0.0000000e+00   1.4349239e-03   1.0143002e-03   0.0000000e+00   3.0251611e-03   2.4114877e-04   7.9102649e-03   0.0000000e+00   3.1882020e-03   0.0000000e+00   0.0000000e+00   0.0000000e+00   1.0760594e-04   0.0000000e+00   8.4738545e-04   0.0000000e+00   0.0000000e+00   0.0000000e+00   0.0000000e+00   0.0000000e+00   0.0000000e+00   0.0000000e+00   0.0000000e+00   0.0000000e+00   0.0000000e+00   0.0000000e+00   0.0000000e+00   0.0000000e+00   0.0000000e+00   0.0000000e+00   0.0000000e+00   0.0000000e+00   1.4873462e-04   0.0000000e+00   0.0000000e+00   0.0000000e+00   0.0000000e+00   0.0000000e+00   0.0000000e+00   0.0000000e+00   0.0000000e+00   0.0000000e+00   9.4988509e-05   0.0000000e+00   0.0000000e+00   0.0000000e+00   0.0000000e+00   0.0000000e+00   3.4971476e-03   1.1592709e-04   0.0000000e+00   0.0000000e+00   0.0000000e+00   0.0000000e+00   9.5740756e-03   1.2001813e-03   5.7934285e-04   6.0864971e-04   0.0000000e+00   0.0000000e+00   9.2959329e-05   0.0000000e+00   1.1908275e-04   0.0000000e+00   5.5900133e-03   0.0000000e+00   0.0000000e+00   0.0000000e+00   0.0000000e+00   0.0000000e+00   0.0000000e+00   0.0000000e+00   0.0000000e+00   0.0000000e+00   0.0000000e+00   0.0000000e+00   0.0000000e+00   0.0000000e+00   0.0000000e+00   0.0000000e+00   1.6094028e-04   0.0000000e+00   0.0000000e+00   0.0000000e+00   0.0000000e+00   0.0000000e+00   2.1561868e-04   0.0000000e+00   0.0000000e+00   0.0000000e+00   0.0000000e+00   0.0000000e+00   0.0000000e+00   0.0000000e+00   0.0000000e+00   0.0000000e+00
   0.0000000e+00   1.8033079e-03   0.0000000e+00   0.0000000e+00   0.0000000e+00   0.0000000e+00   3.9443723e-04   1.2843469e-03   1.4206972e-03   8.2169851e-03   2.5823462e-03   0.0000000e+00   7.1521835e-04   9.6439426e-04   1.4349239e-03   0.0000000e+00   0.0000000e+00   1.0841493e-03   5.8354055e-04   3.4516600e-03   0.0000000e+00   7.6992946e-03   0.0000000e+00   3.8933338e-03   0.0000000e+00   6.4110451e-04   0.0000000e+00   1.3801472e-04   0.0000000e+00   3.9199929e-03   0.0000000e+00   1.8084601e-04   0.0000000e+00   1.5722216e-04   0.0000000e+00   0.0000000e+00   0.0000000e+00   0.0000000e+00   0.0000000e+00   0.0000000e+00   0.0000000e+00   0.0000000e+00   0.0000000e+00   0.0000000e+00   0.0000000e+00   0.0000000e+00   0.0000000e+00   0.0000000e+00   0.0000000e+00   0.0000000e+00   0.0000000e+00   0.0000000e+00   0.0000000e+00   0.0000000e+00   0.0000000e+00   0.0000000e+00   0.0000000e+00   0.0000000e+00   0.0000000e+00   2.2416773e-04   0.0000000e+00   0.0000000e+00   8.6679854e-04   2.1326181e-03   0.0000000e+00   0.0000000e+00   3.2925008e-04   5.5344110e-04   1.6144701e-03   3.4690302e-03   3.4614035e-04   1.1565951e-03   0.0000000e+00   0.0000000e+00   0.0000000e+00   0.0000000e+00   0.0000000e+00   0.0000000e+00   0.0000000e+00   8.4661262e-03   0.0000000e+00   6.3283035e-04   0.0000000e+00   0.0000000e+00   0.0000000e+00   0.0000000e+00   0.0000000e+00   1.6857300e-04   0.0000000e+00   0.0000000e+00   0.0000000e+00   0.0000000e+00   0.0000000e+00   2.7965701e-04   0.0000000e+00   9.3865391e-05   0.0000000e+00   0.0000000e+00   0.0000000e+00   0.0000000e+00   0.0000000e+00   7.7977990e-04   0.0000000e+00   0.0000000e+00   0.0000000e+00   0.0000000e+00   0.0000000e+00   0.0000000e+00   0.0000000e+00   7.5776104e-04
   1.0802389e-03   9.8013503e-04   7.3896987e-03   2.2991987e-03   0.0000000e+00   3.3596852e-04   9.3063135e-04   0.0000000e+00   0.0000000e+00   0.0000000e+00   0.0000000e+00   0.0000000e+00   0.0000000e+00   0.0000000e+00   1.0143002e-03   0.0000000e+00   0.0000000e+00   0.0000000e+00   0.0000000e+00   0.0000000e+00   0.0000000e+00   0.0000000e+00   6.3734090e-03   0.0000000e+00   9.6431712e-04   0.0000000e+00   7.7605844e-04   0.0000000e+00   1.6582810e-02   0.0000000e+00   0.0000000e+00   0.0000000e+00   0.0000000e+00   0.0000000e+00   0.0000000e+00   0.0000000e+00   0.0000000e+00   0.0000000e+00   0.0000000e+00   0.0000000e+00   0.0000000e+00   0.0000000e+00   0.0000000e+00   0.0000000e+00   0.0000000e+00   0.0000000e+00   4.8608350e-04   0.0000000e+00   6.2041298e-04   0.0000000e+00   0.0000000e+00   0.0000000e+00   0.0000000e+00   0.0000000e+00   0.0000000e+00   0.0000000e+00   1.3135606e-04   0.0000000e+00   3.0201408e-04   0.0000000e+00   4.5348168e-04   0.0000000e+00   0.0000000e+00   0.0000000e+00   0.0000000e+00   0.0000000e+00   0.0000000e+00   0.0000000e+00   0.0000000e+00   0.0000000e+00   0.0000000e+00   0.0000000e+00   0.0000000e+00   0.0000000e+00   0.0000000e+00   0.0000000e+00   0.0000000e+00   0.0000000e+00   2.2794181e-02   0.0000000e+00   0.0000000e+00   0.0000000e+00   0.0000000e+00   0.0000000e+00   1.7737048e-03   0.0000000e+00   0.0000000e+00   0.0000000e+00   0.0000000e+00   0.0000000e+00   0.0000000e+00   0.0000000e+00   3.5160988e-03   0.0000000e+00   2.2818148e-02   0.0000000e+00   2.1225603e-02   0.0000000e+00   2.1028677e-03   0.0000000e+00   1.6778703e-02   0.0000000e+00   7.2106346e-03   0.0000000e+00   1.3220774e-03   0.0000000e+00   0.0000000e+00   0.0000000e+00   6.1543852e-04   0.0000000e+00
   0.0000000e+00   0.0000000e+00   0.0000000e+00   0.0000000e+00   0.0000000e+00   0.0000000e+00   0.0000000e+00   0.0000000e+00   0.0000000e+00   5.3083278e-03   0.0000000e+00   0.0000000e+00   0.0000000e+00   0.0000000e+00   0.0000000e+00   1.0841493e-03   0.0000000e+00   0.0000000e+00   0.0000000e+00   0.0000000e+00   0.0000000e+00   0.0000000e+00   0.0000000e+00   5.8976580e-03   0.0000000e+00   6.9713746e-03   0.0000000e+00   0.0000000e+00   0.0000000e+00   1.3229810e-02   0.0000000e+00   0.0000000e+00   0.0000000e+00   0.0000000e+00   0.0000000e+00   0.0000000e+00   0.0000000e+00   0.0000000e+00   0.0000000e+00   0.0000000e+00   0.0000000e+00   0.0000000e+00   0.0000000e+00   0.0000000e+00   0.0000000e+00   1.6024853e-03   0.0000000e+00   0.0000000e+00   0.0000000e+00   0.0000000e+00   0.0000000e+00   0.0000000e+00   0.0000000e+00   0.0000000e+00   0.0000000e+00   0.0000000e+00   0.0000000e+00   4.5755755e-04   0.0000000e+00   4.5434874e-03   0.0000000e+00   0.0000000e+00   0.0000000e+00   0.0000000e+00   0.0000000e+00   0.0000000e+00   0.0000000e+00   0.0000000e+00   0.0000000e+00   0.0000000e+00   0.0000000e+00   0.0000000e+00   0.0000000e+00   0.0000000e+00   0.0000000e+00   0.0000000e+00   0.0000000e+00   1.0112961e-03   0.0000000e+00   1.8576231e-02   0.0000000e+00   0.0000000e+00   0.0000000e+00   0.0000000e+00   0.0000000e+00   3.0658442e-03   0.0000000e+00   0.0000000e+00   0.0000000e+00   0.0000000e+00   0.0000000e+00   2.6094067e-03   0.0000000e+00   1.0941099e-02   0.0000000e+00   2.2858557e-02   0.0000000e+00   1.7592115e-02   0.0000000e+00   1.1905462e-02   0.0000000e+00   1.6066876e-02   0.0000000e+00   8.1435209e-03   0.0000000e+00   5.1846141e-03   0.0000000e+00   0.0000000e+00   0.0000000e+00   7.5515457e-03
   6.3656681e-03   0.0000000e+00   2.3645772e-03   1.4316545e-03   0.0000000e+00   0.0000000e+00   0.0000000e+00   1.9676884e-03   0.0000000e+00   0.0000000e+00   0.0000000e+00   0.0000000e+00   0.0000000e+00   0.0000000e+00   3.0251611e-03   5.8354055e-04   0.0000000e+00   0.0000000e+00   0.0000000e+00   5.3320239e-03   1.3336076e-02   0.0000000e+00   0.0000000e+00   0.0000000e+00   0.0000000e+00   0.0000000e+00   1.2975579e-03   1.0597878e-03   0.0000000e+00   0.0000000e+00   0.0000000e+00   0.0000000e+00   0.0000000e+00   0.0000000e+00   0.0000000e+00   0.0000000e+00   0.0000000e+00   0.0000000e+00   0.0000000e+00   0.0000000e+00   0.0000000e+00   0.0000000e+00   0.0000000e+00   0.0000000e+00   0.0000000e+00   0.0000000e+00   0.0000000e+00   0.0000000e+00   0.0000000e+00   0.0000000e+00   0.0000000e+00   0.0000000e+00   0.0000000e+00   0.0000000e+00   0.0000000e+00   0.0000000e+00   0.0000000e+00   0.0000000e+00   0.0000000e+00   0.0000000e+00   0.0000000e+00   0.0000000e+00   0.0000000e+00   0.0000000e+00   2.8821051e-03   3.9452368e-03   0.0000000e+00   0.0000000e+00   9.5771427e-03   2.7408448e-03   4.2117915e-03   1.0828923e-03   9.7619363e-04   5.0762359e-04   0.0000000e+00   0.0000000e+00   0.0000000e+00   0.0000000e+00   0.0000000e+00   0.0000000e+00   0.0000000e+00   0.0000000e+00   0.0000000e+00   0.0000000e+00   0.0000000e+00   0.0000000e+00   0.0000000e+00   0.0000000e+00   0.0000000e+00   0.0000000e+00   0.0000000e+00   0.0000000e+00   0.0000000e+00   0.0000000e+00   0.0000000e+00   0.0000000e+00   0.0000000e+00   0.0000000e+00   0.0000000e+00   0.0000000e+00   0.0000000e+00   0.0000000e+00   0.0000000e+00   0.0000000e+00   0.0000000e+00   0.0000000e+00   0.0000000e+00   0.0000000e+00   0.0000000e+00   0.0000000e+00
   0.0000000e+00   0.0000000e+00   0.0000000e+00   0.0000000e+00   0.0000000e+00   0.0000000e+00   0.0000000e+00   2.3632426e-03   0.0000000e+00   9.8842953e-03   1.8536573e-03   0.0000000e+00   0.0000000e+00   0.0000000e+00   2.4114877e-04   3.4516600e-03   0.0000000e+00   0.0000000e+00   5.3320239e-03   0.0000000e+00   0.0000000e+00   1.4066417e-02   0.0000000e+00   4.3290579e-04   0.0000000e+00   6.2804316e-04   6.2395307e-04   6.1299812e-03   0.0000000e+00   0.0000000e+00   0.0000000e+00   0.0000000e+00   0.0000000e+00   0.0000000e+00   0.0000000e+00   0.0000000e+00   0.0000000e+00   0.0000000e+00   0.0000000e+00   0.0000000e+00   0.0000000e+00   0.0000000e+00   0.0000000e+00   0.0000000e+00   0.0000000e+00   0.0000000e+00   0.0000000e+00   0.0000000e+00   0.0000000e+00   0.0000000e+00   0.0000000e+00   0.0000000e+00   0.0000000e+00   0.0000000e+00   0.0000000e+00   0.0000000e+00   0.0000000e+00   0.0000000e+00   0.0000000e+00   0.0000000e+00   0.0000000e+00   0.0000000e+00   0.0000000e+00   0.0000000e+00   3.2225601e-03   2.1968662e-03   0.0000000e+00   0.0000000e+00   8.1525616e-04   3.6362312e-03   4.1994658e-04   3.8301389e-03   3.8742042e-04   2.5767041e-03   0.0000000e+00   8.3873099e-04   0.0000000e+00   0.0000000e+00   0.0000000e+00   0.0000000e+00   0.0000000e+00   0.0000000e+00   0.0000000e+00   0.0000000e+00   0.0000000e+00   0.0000000e+00   0.0000000e+00   0.0000000e+00   0.0000000e+00   0.0000000e+00   0.0000000e+00   0.0000000e+00   0.0000000e+00   0.0000000e+00   0.0000000e+00   0.0000000e+00   0.0000000e+00   0.0000000e+00   0.0000000e+00   0.0000000e+00   0.0000000e+00   0.0000000e+00   0.0000000e+00   0.0000000e+00   0.0000000e+00   0.0000000e+00   0.0000000e+00   0.0000000e+00   0.0000000e+00   0.0000000e+00
   0.0000000e+00   0.0000000e+00   5.3529449e-04   0.0000000e+00   0.0000000e+00   0.0000000e+00   0.0000000e+00   0.0000000e+00   0.0000000e+00   0.0000000e+00   0.0000000e+00   0.0000000e+00   0.0000000e+00   0.0000000e+00   7.9102649e-03   0.0000000e+00   0.0000000e+00   0.0000000e+00   1.3336076e-02   0.0000000e+00   0.0000000e+00   0.0000000e+00   2.3327316e-03   0.0000000e+00   6.1002613e-03   0.0000000e+00   1.2644218e-02   0.0000000e+00   0.0000000e+00   0.0000000e+00   0.0000000e+00   0.0000000e+00   0.0000000e+00   0.0000000e+00   0.0000000e+00   0.0000000e+00   0.0000000e+00   0.0000000e+00   0.0000000e+00   0.0000000e+00   0.0000000e+00   0.0000000e+00   0.0000000e+00   0.0000000e+00   0.0000000e+00   0.0000000e+00   7.0151957e-04   0.0000000e+00   0.0000000e+00   0.0000000e+00   0.0000000e+00   0.0000000e+00   0.0000000e+00   0.0000000e+00   0.0000000e+00   0.0000000e+00   0.0000000e+00   0.0000000e+00   0.0000000e+00   0.0000000e+00   0.0000000e+00   0.0000000e+00   0.0000000e+00   0.0000000e+00   0.0000000e+00   0.0000000e+00   0.0000000e+00   0.0000000e+00   0.0000000e+00   0.0000000e+00   0.0000000e+00   0.0000000e+00   0.0000000e+00   0.0000000e+00   0.0000000e+00   0.0000000e+00   0.0000000e+00   0.0000000e+00   0.0000000e+00   0.0000000e+00   0.0000000e+00   0.0000000e+00   0.0000000e+00   0.0000000e+00   0.0000000e+00   0.0000000e+00   0.0000000e+00   0.0000000e+00   0.0000000e+00   0.0000000e+00   0.0000000e+00   0.0000000e+00   0.0000000e+00   0.0000000e+00   0.0000000e+00   0.0000000e+00   0.0000000e+00   0.0000000e+00   0.0000000e+00   0.0000000e+00   0.0000000e+00   0.0000000e+00   0.0000000e+00   0.0000000e+00   0.0000000e+00   0.0000000e+00   0.0000000e+00   0.0000000e+00   0.0000000e+00   0.0000000e+00
   0.0000000e+00   0.0000000e+00   0.0000000e+00   0.0000000e+00   0.0000000e+00   0.0000000e+00   0.0000000e+00   0.0000000e+00   0.0000000e+00   1.7209572e-04   0.0000000e+00   0.0000000e+00   0.0000000e+00   0.0000000e+00   0.0000000e+00   7.6992946e-03   0.0000000e+00   0.0000000e+00   0.0000000e+00   1.4066417e-02   0.0000000e+00   0.0000000e+00   0.0000000e+00   1.7005680e-03   0.0000000e+00   9.0403581e-03   0.0000000e+00   1.7614848e-02   0.0000000e+00   0.0000000e+00   0.0000000e+00   0.0000000e+00   0.0000000e+00   0.0000000e+00   0.0000000e+00   0.0000000e+00   0.0000000e+00   0.0000000e+00   0.0000000e+00   0.0000000e+00   0.0000000e+00   0.0000000e+00   0.0000000e+00   0.0000000e+00   0.0000000e+00   0.0000000e+00   0.0000000e+00   0.0000000e+00   0.0000000e+00   0.0000000e+00   0.0000000e+00   0.0000000e+00   0.0000000e+00   0.0000000e+00   0.0000000e+00   0.0000000e+00   0.0000000e+00   0.0000000e+00   0.0000000e+00   0.0000000e+00   0.0000000e+00   0.0000000e+00   0.0000000e+00   0.0000000e+00   0.0000000e+00   0.0000000e+00   0.0000000e+00   0.0000000e+00   0.0000000e+00   0.0000000e+00   0.0000000e+00   0.0000000e+00   0.0000000e+00   0.0000000e+00   0.0000000e+00   0.0000000e+00   0.0000000e+00   0.0000000e+00   0.0000000e+00   0.0000000e+00   0.0000000e+00   0.0000000e+00   0.0000000e+00   0.0000000e+00   0.0000000e+00   0.0000000e+00   0.0000000e+00   0.0000000e+00   0.0000000e+00   0.0000000e+00   0.0000000e+00   0.0000000e+00   0.0000000e+00   0.0000000e+00   0.0000000e+00   0.0000000e+00   0.0000000e+00   0.0000000e+00   0.0000000e+00   0.0000000e+00   0.0000000e+00   0.0000000e+00   0.0000000e+00   0.0000000e+00   0.0000000e+00   0.0000000e+00   0.0000000e+00   0.0000000e+00   0.0000000e+00   0.0000000e+00
