   0.0000000e+00   2.1936962e-02   5.1951152e-03   1.7287932e-03   6.0218667e-03   1.4705735e-02   1.7431225e-03   3.3030540e-02   6.2459806e-03   8.4004848e-04   2.4205747e-03   9.1453748e-04   0.0000000e+00   0.0000000e+00   2.4870540e-04   0.0000000e+00   0.0000000e+00   5.4798858e-04   2.5379303e-03   0.0000000e+00   1.2884774e-03   0.0000000e+00   0.0000000e+00   0.0000000e+00   0.0000000e+00   0.0000000e+00   2.2761653e-03   0.0000000e+00   1.5528320e-03   0.0000000e+00   0.0000000e+00   0.0000000e+00   0.0000000e+00   0.0000000e+00   0.0000000e+00   0.0000000e+00   0.0000000e+00   0.0000000e+00   0.0000000e+00   0.0000000e+00   0.0000000e+00   0.0000000e+00   0.0000000e+00   0.0000000e+00   0.0000000e+00   0.0000000e+00   5.3777491e-03   0.0000000e+00   1.3464517e-02   0.0000000e+00   1.2331757e-03   0.0000000e+00   5.9066843e-03   0.0000000e+00   5.7679561e-03   0.0000000e+00   3.3949952e-03   0.0000000e+00   2.6830897e-04   0.0000000e+00   0.0000000e+00   0.0000000e+00   0.0000000e+00   0.0000000e+00   1.0212085e-03   0.0000000e+00   1.7559276e-03   0.0000000e+00   7.3115001e-04   2.8036038e-04   1.3253912e-03   3.7711715e-04   6.1490215e-03   1.6736576e-03   5.4652083e-04   4.9805539e-04   0.0000000e+00   0.0000000e+00   2.2181300e-04   0.0000000e+00   1.1732966e-03   0.0000000e+00   2.2622805e-03   0.0000000e+00   9.5484916e-04   0.0000000e+00   0.0000000e+00   0.0000000e+00   3.0828236e-04   0.0000000e+00   1.9861835e-04   0.0000000e+00   0.0000000e+00   0.0000000e+00   0.0000000e+00   0.0000000e+00   0.0000000e+00   0.0000000e+00   0.0000000e+00   0.0000000e+00   0.0000000e+00   0.0000000e+00   0.0000000e+00   0.0000000e+00   0.0000000e+00   0.0000000e+00   0.0000000e+00   0.0000000e+00   0.0000000e+00   0.0000000e+00
   2.1936962e-02   0.0000000e+00   5.0294310e-04   1.1692949e-03   0.0000000e+00   1.1068790e-03   4.7960308e-04   0.0000000e+00   2.4467498e-02   0.0000000e+00   0.0000000e+00   0.0000000e+00   0.0000000e+00   0.0000000e+00   8.9372890e-05   0.0000000e+00   0.0000000e+00   0.0000000e+00   0.0000000e+00   0.0000000e+00   0.0000000e+00   0.0000000e+00   0.0000000e+00   0.0000000e+00   0.0000000e+00   0.0000000e+00   0.0000000e+00   0.0000000e+00   0.0000000e+00   0.0000000e+00   0.0000000e+00   0.0000000e+00   0.0000000e+00   0.0000000e+00   0.0000000e+00   0.0000000e+00   0.0000000e+00   0.0000000e+00   0.0000000e+00   0.0000000e+00   0.0000000e+00   0.0000000e+00   0.0000000e+00   0.0000000e+00   0.0000000e+00   0.0000000e+00   6.7162853e-04   0.0000000e+00   7.4488568e-04   0.0000000e+00   0.0000000e+00   0.0000000e+00   0.0000000e+00   0.0000000e+00   0.0000000e+00   0.0000000e+00   0.0000000e+00   0.0000000e+00   0.0000000e+00   0.0000000e+00   0.0000000e+00   0.0000000e+00   3.5004263e-04   0.0000000e+00   0.0000000e+00   0.0000000e+00   5.0959853e-04   0.0000000e+00   6.6263981e-04   0.0000000e+00   4.9235929e-04   6.2243657e-04   1.5339731e-03   6.4290473e-03   0.0000000e+00   0.0000000e+00   0.0000000e+00   0.0000000e+00   0.0000000e+00   0.0000000e+00   0.0000000e+00   0.0000000e+00   0.0000000e+00   0.0000000e+00   0.0000000e+00   0.0000000e+00   0.0000000e+00   0.0000000e+00   0.0000000e+00   0.0000000e+00   0.0000000e+00   0.0000000e+00   0.0000000e+00   0.0000000e+00   0.0000000e+00   0.0000000e+00   0.0000000e+00   0.0000000e+00   0.0000000e+00   0.0000000e+00   0.0000000e+00   0.0000000e+00   0.0000000e+00   0.0000000e+00   0.0000000e+00   0.0000000e+00   0.0000000e+00   0.0000000e+00   0.0000000e+00   0.0000000e+00
   5.1951152e-03   5.0294310e-04   0.0000000e+00   8.6223410e-03   4.4289752e-04   5.6590266e-03   1.2172754e-03   3.3002754e-04   0.0000000e+00   0.0000000e+00   0.0000000e+00   0.0000000e+00   0.0000000e+00   2.2435733e-03   5.7748376e-03   1.1077853e-04   8.5456287e-03   0.0000000e+00   4.6049071e-03   0.0000000e+00   2.5696533e-04   0.0000000e+00   0.0000000e+00   0.0000000e+00   0.0000000e+00   0.0000000e+00   0.0000000e+00   0.0000000e+00   9.3538924e-04   0.0000000e+00   0.0000000e+00   0.0000000e+00   0.0000000e+00   0.0000000e+00   0.0000000e+00   0.0000000e+00   0.0000000e+00   0.0000000e+00   0.0000000e+00   0.0000000e+00   0.0000000e+00   0.0000000e+00   0.0000000e+00   0.0000000e+00   7.4396430e-04   0.0000000e+00   1.2202685e-03   0.0000000e+00   0.0000000e+00   0.0000000e+00   0.0000000e+00   0.0000000e+00   0.0000000e+00   0.0000000e+00   0.0000000e+00   0.0000000e+00   1.5456000e-04   0.0000000e+00   5.2251402e-04   0.0000000e+00   0.0000000e+00   0.0000000e+00   6.3766435e-03   5.6481347e-04   0.0000000e+00   0.0000000e+00   2.0806867e-03   1.8996472e-03   5.4836234e-03   7.5198190e-04   3.9915037e-04   0.0000000e+00   2.6903759e-04   0.0000000e+00   0.0000000e+00   0.0000000e+00   0.0000000e+00   0.0000000e+00   2.8517450e-04   0.0000000e+00   1.4079993e-03   0.0000000e+00   9.8360343e-04   0.0000000e+00   0.0000000e+00   0.0000000e+00   0.0000000e+00   0.0000000e+00   0.0000000e+00   0.0000000e+00   0.0000000e+00   0.0000000e+00   0.0000000e+00   0.0000000e+00   4.5634949e-03   0.0000000e+00   1.2194279e-02   0.0000000e+00   1.5722791e-02   0.0000000e+00   4.1115883e-04   0.0000000e+00   3.8409838e-03   0.0000000e+00   4.2369379e-03   0.0000000e+00   0.0000000e+00   0.0000000e+00   0.0000000e+00   0.0000000e+00
   1.7287932e-03   1.1692949e-03   8.6223410e-03   0.0000000e+00   7.1463534e-04   1.9582438e-03   1.5523446e-03   0.0000000e+00   0.0000000e+00   0.0000000e+00   0.0000000e+00   0.0000000e+00   0.0000000e+00   0.0000000e+00   4.4071324e-04   0.0000000e+00   5.0505436e-04   0.0000000e+00   8.9470326e-04   0.0000000e+00   0.0000000e+00   0.0000000e+00   0.0000000e+00   0.0000000e+00   0.0000000e+00   0.0000000e+00   0.0000000e+00   0.0000000e+00   0.0000000e+00   0.0000000e+00   0.0000000e+00   0.0000000e+00   0.0000000e+00   0.0000000e+00   0.0000000e+00   0.0000000e+00   0.0000000e+00   0.0000000e+00   0.0000000e+00   0.0000000e+00   0.0000000e+00   0.0000000e+00   0.0000000e+00   0.0000000e+00   0.0000000e+00   0.0000000e+00   1.6775237e-03   0.0000000e+00   0.0000000e+00   0.0000000e+00   0.0000000e+00   0.0000000e+00   4.3503291e-04   0.0000000e+00   2.8042707e-04   0.0000000e+00   2.0554814e-04   0.0000000e+00   5.2556899e-04   0.0000000e+00   0.0000000e+00   0.0000000e+00   0.0000000e+00   0.0000000e+00   0.0000000e+00   0.0000000e+00   0.0000000e+00   0.0000000e+00   0.0000000e+00   0.0000000e+00   0.0000000e+00   0.0000000e+00   0.0000000e+00   0.0000000e+00   0.0000000e+00   0.0000000e+00   0.0000000e+00   0.0000000e+00   0.0000000e+00   0.0000000e+00   0.0000000e+00   0.0000000e+00   0.0000000e+00   0.0000000e+00   0.0000000e+00   0.0000000e+00   0.0000000e+00   0.0000000e+00   0.0000000e+00   0.0000000e+00   0.0000000e+00   0.0000000e+00   0.0000000e+00   0.0000000e+00   0.0000000e+00   0.0000000e+00   1.5116664e-03   0.0000000e+00   7.4512845e-03   0.0000000e+00   0.0000000e+00   0.0000000e+00   0.0000000e+00   0.0000000e+00   1.2257309e-03   0.0000000e+00   0.0000000e+00   0.0000000e+00   0.0000000e+00   0.0000000e+00
   6.0218667e-03   0.0000000e+00   4.4289752e-04   7.1463534e-04   0.0000000e+00   8.8860234e-03   0.0000000e+00   0.0000000e+00   0.0000000e+00   0.0000000e+00   8.3287831e-04   2.2901468e-03   4.7449011e-04   0.0000000e+00   1.3729336e-04   0.0000000e+00   0.0000000e+00   0.0000000e+00   0.0000000e+00   0.0000000e+00   0.0000000e+00   0.0000000e+00   0.0000000e+00   0.0000000e+00   0.0000000e+00   0.0000000e+00   0.0000000e+00   0.0000000e+00   7.2542030e-03   0.0000000e+00   0.0000000e+00   0.0000000e+00   0.0000000e+00   0.0000000e+00   0.0000000e+00   0.0000000e+00   0.0000000e+00   0.0000000e+00   0.0000000e+00   0.0000000e+00   0.0000000e+00   0.0000000e+00   5.7465625e-04   0.0000000e+00   3.1805107e-03   0.0000000e+00   0.0000000e+00   0.0000000e+00   0.0000000e+00   0.0000000e+00   0.0000000e+00   0.0000000e+00   0.0000000e+00   0.0000000e+00   0.0000000e+00   0.0000000e+00   1.3241647e-04   0.0000000e+00   9.9240382e-04   0.0000000e+00   4.0367391e-03   1.1768529e-02   0.0000000e+00   0.0000000e+00   7.6674528e-04   6.1434806e-04   0.0000000e+00   0.0000000e+00   3.6439445e-03   6.4739113e-04   3.9289443e-03   3.5313965e-04   3.5219962e-03   8.0536865e-03   3.7278745e-03   9.5252412e-03   2.7046893e-03   1.0037268e-02   1.4781446e-03   0.0000000e+00   1.5058236e-02   0.0000000e+00   1.1233175e-02   0.0000000e+00   1.0702989e-02   1.9991073e-03   0.0000000e+00   0.0000000e+00   7.6168246e-03   0.0000000e+00   8.8141797e-03   0.0000000e+00   1.2667069e-03   0.0000000e+00   0.0000000e+00   0.0000000e+00   0.0000000e+00   0.0000000e+00   0.0000000e+00   0.0000000e+00   0.0000000e+00   0.0000000e+00   0.0000000e+00   0.0000000e+00   0.0000000e+00   0.0000000e+00   0.0000000e+00   1.3640602e-02   5.3399961e-03   0.0000000e+00
   1.4705735e-02   1.1068790e-03   5.6590266e-03   1.9582438e-03   8.8860234e-03   0.0000000e+00   9.4602844e-03   9.6364854e-04   0.0000000e+00   6.2683942e-04   6.0114880e-03   2.5909960e-03   0.0000000e+00   4.0341345e-04   8.0643067e-04   0.0000000e+00   6.6183298e-04   5.1413407e-04   0.0000000e+00   0.0000000e+00   0.0000000e+00   0.0000000e+00   0.0000000e+00   0.0000000e+00   0.0000000e+00   0.0000000e+00   0.0000000e+00   0.0000000e+00   7.4617582e-03   0.0000000e+00   0.0000000e+00   0.0000000e+00   0.0000000e+00   0.0000000e+00   0.0000000e+00   0.0000000e+00   0.0000000e+00   0.0000000e+00   0.0000000e+00   0.0000000e+00   0.0000000e+00   0.0000000e+00   0.0000000e+00   0.0000000e+00   1.6702025e-03   0.0000000e+00   1.2716909e-04   0.0000000e+00   0.0000000e+00   0.0000000e+00   0.0000000e+00   0.0000000e+00   0.0000000e+00   0.0000000e+00   0.0000000e+00   0.0000000e+00   1.0505488e-04   0.0000000e+00   7.5539214e-04   0.0000000e+00   0.0000000e+00   9.0444511e-03   2.8637004e-03   0.0000000e+00   3.4363527e-04   0.0000000e+00   1.4966764e-03   0.0000000e+00   1.2555606e-03   0.0000000e+00   7.6416501e-04   0.0000000e+00   1.0121744e-03   1.5145027e-03   6.0031877e-04   1.0422311e-03   0.0000000e+00   6.0826798e-03   2.4877628e-03   0.0000000e+00   1.2008030e-02   0.0000000e+00   2.6214229e-03   0.0000000e+00   1.0094074e-03   6.3797802e-03   0.0000000e+00   0.0000000e+00   2.2454837e-03   0.0000000e+00   1.8513098e-03   6.5678618e-04   5.8247024e-04   3.9261471e-04   0.0000000e+00   0.0000000e+00   0.0000000e+00   0.0000000e+00   6.2422197e-04   0.0000000e+00   5.8402956e-04   0.0000000e+00   0.0000000e+00   0.0000000e+00   0.0000000e+00   0.0000000e+00   0.0000000e+00   2.6680655e-03   0.0000000e+00   3.0069894e-04
   1.7431225e-03   4.7960308e-04   1.2172754e-03   1.5523446e-03   0.0000000e+00   9.4602844e-03   0.0000000e+00   0.0000000e+00   0.0000000e+00   1.6970295e-03   4.2075271e-03   0.0000000e+00   0.0000000e+00   1.9803887e-02   5.4130934e-04   0.0000000e+00   0.0000000e+00   0.0000000e+00   0.0000000e+00   0.0000000e+00   0.0000000e+00   0.0000000e+00   0.0000000e+00   0.0000000e+00   0.0000000e+00   0.0000000e+00   0.0000000e+00   0.0000000e+00   0.0000000e+00   0.0000000e+00   0.0000000e+00   0.0000000e+00   0.0000000e+00   0.0000000e+00   0.0000000e+00   0.0000000e+00   0.0000000e+00   0.0000000e+00   0.0000000e+00   0.0000000e+00   0.0000000e+00   0.0000000e+00   0.0000000e+00   0.0000000e+00   0.0000000e+00   0.0000000e+00   0.0000000e+00   0.0000000e+00   0.0000000e+00   0.0000000e+00   0.0000000e+00   0.0000000e+00   0.0000000e+00   0.0000000e+00   0.0000000e+00   0.0000000e+00   0.0000000e+00   0.0000000e+00   0.0000000e+00   0.0000000e+00   0.0000000e+00   0.0000000e+00   9.7278443e-03   6.6005056e-04   0.0000000e+00   0.0000000e+00   1.1220182e-02   1.0200965e-02   8.1200739e-03   4.3006656e-04   2.2980427e-03   0.0000000e+00   0.0000000e+00   0.0000000e+00   0.0000000e+00   0.0000000e+00   0.0000000e+00   0.0000000e+00   2.5017323e-04   0.0000000e+00   0.0000000e+00   0.0000000e+00   5.8114874e-04   0.0000000e+00   0.0000000e+00   0.0000000e+00   0.0000000e+00   0.0000000e+00   0.0000000e+00   0.0000000e+00   0.0000000e+00   0.0000000e+00   0.0000000e+00   0.0000000e+00   0.0000000e+00   0.0000000e+00   0.0000000e+00   0.0000000e+00   0.0000000e+00   0.0000000e+00   0.0000000e+00   0.0000000e+00   0.0000000e+00   0.0000000e+00   0.0000000e+00   0.0000000e+00   0.0000000e+00   0.0000000e+00   0.0000000e+00   0.0000000e+00
   3.3030540e-02   0.0000000e+00   3.3002754e-04   0.0000000e+00   0.0000000e+00   9.6364854e-04   0.0000000e+00   0.0000000e+00   2.6413601e-03   1.2795924e-03   8.5563789e-04   1.3723607e-02   1.2609235e-03   0.0000000e+00   8.7890430e-05   9.1999668e-04   0.0000000e+00   3.6975537e-04   0.0000000e+00   0.0000000e+00   0.0000000e+00   0.0000000e+00   0.0000000e+00   1.1902629e-03   0.0000000e+00   0.0000000e+00   0.0000000e+00   0.0000000e+00   0.0000000e+00   1.0326002e-03   0.0000000e+00   0.0000000e+00   0.0000000e+00   0.0000000e+00   0.0000000e+00   0.0000000e+00   0.0000000e+00   0.0000000e+00   0.0000000e+00   0.0000000e+00   0.0000000e+00   0.0000000e+00   0.0000000e+00   0.0000000e+00   0.0000000e+00   0.0000000e+00   0.0000000e+00   0.0000000e+00   0.0000000e+00   0.0000000e+00   0.0000000e+00   0.0000000e+00   0.0000000e+00   0.0000000e+00   0.0000000e+00   0.0000000e+00   0.0000000e+00   0.0000000e+00   0.0000000e+00   0.0000000e+00   0.0000000e+00   5.6102365e-04   0.0000000e+00   0.0000000e+00   0.0000000e+00   0.0000000e+00   0.0000000e+00   0.0000000e+00   5.0326971e-04   0.0000000e+00   1.0169500e-03   9.2935721e-04   0.0000000e+00   8.4151206e-04   0.0000000e+00   8.0761825e-05   0.0000000e+00   0.0000000e+00   0.0000000e+00   1.2238435e-03   0.0000000e+00   0.0000000e+00   0.0000000e+00   0.0000000e+00   0.0000000e+00   3.0719308e-04   0.0000000e+00   0.0000000e+00   0.0000000e+00   0.0000000e+00   0.0000000e+00   0.0000000e+00   0.0000000e+00   0.0000000e+00   0.0000000e+00   0.0000000e+00   0.0000000e+00   0.0000000e+00   0.0000000e+00   0.0000000e+00   0.0000000e+00   0.0000000e+00   0.0000000e+00   0.0000000e+00   0.0000000e+00   0.0000000e+00   0.0000000e+00   0.0000000e+00   0.0000000e+00   0.0000000e+00
   6.2459806e-03   2.4467498e-02   0.0000000e+00   0.0000000e+00   0.0000000e+00   0.0000000e+00   0.0000000e+00   2.6413601e-03   0.0000000e+00   9.3020216e-04   5.8248318e-04   1.4058351e-04   0.0000000e+00   1.7661437e-03   1.9209647e-03   4.5752708e-04   0.0000000e+00   0.0000000e+00   0.0000000e+00   0.0000000e+00   0.0000000e+00   0.0000000e+00   0.0000000e+00   0.0000000e+00   0.0000000e+00   0.0000000e+00   0.0000000e+00   0.0000000e+00   0.0000000e+00   0.0000000e+00   0.0000000e+00   0.0000000e+00   0.0000000e+00   0.0000000e+00   0.0000000e+00   0.0000000e+00   0.0000000e+00   0.0000000e+00   0.0000000e+00   0.0000000e+00   0.0000000e+00   0.0000000e+00   0.0000000e+00   0.0000000e+00   0.0000000e+00   0.0000000e+00   0.0000000e+00   0.0000000e+00   0.0000000e+00   0.0000000e+00   0.0000000e+00   0.0000000e+00   0.0000000e+00   0.0000000e+00   0.0000000e+00   0.0000000e+00   0.0000000e+00   0.0000000e+00   0.0000000e+00   0.0000000e+00   0.0000000e+00   0.0000000e+00   5.1090337e-04   7.1396391e-03   0.0000000e+00   0.0000000e+00   2.1181300e-03   7.0855785e-04   1.0328595e-02   9.2960048e-04   0.0000000e+00   4.2747843e-05   0.0000000e+00   0.0000000e+00   0.0000000e+00   0.0000000e+00   0.0000000e+00   0.0000000e+00   0.0000000e+00   0.0000000e+00   0.0000000e+00   0.0000000e+00   0.0000000e+00   0.0000000e+00   0.0000000e+00   0.0000000e+00   0.0000000e+00   0.0000000e+00   0.0000000e+00   0.0000000e+00   0.0000000e+00   0.0000000e+00   0.0000000e+00   0.0000000e+00   0.0000000e+00   0.0000000e+00   0.0000000e+00   0.0000000e+00   0.0000000e+00   0.0000000e+00   0.0000000e+00   0.0000000e+00   0.0000000e+00   0.0000000e+00   0.0000000e+00   0.0000000e+00   0.0000000e+00   0.0000000e+00   0.0000000e+00   0.0000000e+00
   8.4004848e-04   0.0000000e+00   0.0000000e+00   0.0000000e+00   0.0000000e+00   6.2683942e-04   1.6970295e-03   1.2795924e-03   9.3020216e-04   0.0000000e+00   4.2814442e-03   1.3597968e-03   0.0000000e+00   4.2258376e-03   7.0021417e-04   5.8215069e-03   1.3731460e-04   1.7010992e-04   0.0000000e+00   0.0000000e+00   0.0000000e+00   0.0000000e+00   0.0000000e+00   6.7108196e-04   0.0000000e+00   0.0000000e+00   1.0068206e-02   2.6322972e-03   1.4921760e-04   0.0000000e+00   0.0000000e+00   0.0000000e+00   0.0000000e+00   0.0000000e+00   0.0000000e+00   0.0000000e+00   0.0000000e+00   0.0000000e+00   0.0000000e+00   0.0000000e+00   0.0000000e+00   0.0000000e+00   0.0000000e+00   0.0000000e+00   0.0000000e+00   0.0000000e+00   8.9581529e-03   2.3202911e-03   0.0000000e+00   2.7129214e-04   0.0000000e+00   0.0000000e+00   0.0000000e+00   0.0000000e+00   0.0000000e+00   0.0000000e+00   0.0000000e+00   0.0000000e+00   0.0000000e+00   0.0000000e+00   0.0000000e+00   0.0000000e+00   8.0262844e-04   1.4818106e-03   3.1602111e-04   4.3034908e-03   1.4633274e-03   5.0981176e-03   0.0000000e+00   6.0615060e-04   8.2749366e-04   0.0000000e+00   3.7634411e-04   3.9103061e-03   4.7448235e-03   6.6679892e-04   0.0000000e+00   0.0000000e+00   3.1523852e-04   2.7293297e-04   0.0000000e+00   0.0000000e+00   0.0000000e+00   0.0000000e+00   0.0000000e+00   0.0000000e+00   0.0000000e+00   0.0000000e+00   0.0000000e+00   0.0000000e+00   0.0000000e+00   0.0000000e+00   0.0000000e+00   0.0000000e+00   0.0000000e+00   1.8380786e-03   0.0000000e+00   0.0000000e+00   0.0000000e+00   0.0000000e+00   0.0000000e+00   0.0000000e+00   0.0000000e+00   0.0000000e+00   0.0000000e+00   0.0000000e+00   0.0000000e+00   0.0000000e+00   0.0000000e+00   0.0000000e+00
   2.4205747e-03   0.0000000e+00   0.0000000e+00   0.0000000e+00   8.3287831e-04   6.0114880e-03   4.2075271e-03   8.5563789e-04   5.8248318e-04   4.2814442e-03   0.0000000e+00   6.4287415e-04   0.0000000e+00   1.4160436e-03   0.0000000e+00   2.5095771e-04   2.4498908e-04   0.0000000e+00   0.0000000e+00   0.0000000e+00   0.0000000e+00   0.0000000e+00   0.0000000e+00   0.0000000e+00   0.0000000e+00   0.0000000e+00   1.0968681e-02   3.5312469e-03   5.9211106e-04   0.0000000e+00   0.0000000e+00   0.0000000e+00   0.0000000e+00   0.0000000e+00   0.0000000e+00   0.0000000e+00   0.0000000e+00   0.0000000e+00   0.0000000e+00   0.0000000e+00   0.0000000e+00   0.0000000e+00   0.0000000e+00   0.0000000e+00   0.0000000e+00   0.0000000e+00   8.4396329e-03   1.3088055e-03   0.0000000e+00   0.0000000e+00   0.0000000e+00   0.0000000e+00   0.0000000e+00   0.0000000e+00   0.0000000e+00   0.0000000e+00   0.0000000e+00   0.0000000e+00   0.0000000e+00   0.0000000e+00   0.0000000e+00   0.0000000e+00   0.0000000e+00   0.0000000e+00   4.5486157e-04   5.3887990e-03   0.0000000e+00   1.9091009e-03   0.0000000e+00   0.0000000e+00   4.1290981e-03   2.5009854e-03   7.6235937e-04   2.5079573e-03   3.4802921e-03   4.3869281e-04   0.0000000e+00   0.0000000e+00   1.0255258e-03   6.2800459e-04   0.0000000e+00   0.0000000e+00   0.0000000e+00   0.0000000e+00   0.0000000e+00   0.0000000e+00   0.0000000e+00   0.0000000e+00   0.0000000e+00   0.0000000e+00   0.0000000e+00   0.0000000e+00   0.0000000e+00   0.0000000e+00   0.0000000e+00   0.0000000e+00   0.0000000e+00   0.0000000e+00   0.0000000e+00   0.0000000e+00   0.0000000e+00   0.0000000e+00   0.0000000e+00   0.0000000e+00   0.0000000e+00   0.0000000e+00   0.0000000e+00   0.0000000e+00   0.0000000e+00   0.0000000e+00
   9.1453748e-04   0.0000000e+00   0.0000000e+00   0.0000000e+00   2.2901468e-03   2.5909960e-03   0.0000000e+00   1.3723607e-02   1.4058351e-04   1.3597968e-03   6.4287415e-04   0.0000000e+00   8.1963518e-03   0.0000000e+00   3.8190949e-05   9.3995885e-04   0.0000000e+00   0.0000000e+00   0.0000000e+00   0.0000000e+00   0.0000000e+00   0.0000000e+00   0.0000000e+00   0.0000000e+00   0.0000000e+00   0.0000000e+00   0.0000000e+00   0.0000000e+00   0.0000000e+00   1.2480742e-02   0.0000000e+00   0.0000000e+00   0.0000000e+00   0.0000000e+00   0.0000000e+00   0.0000000e+00   0.0000000e+00   0.0000000e+00   0.0000000e+00   0.0000000e+00   0.0000000e+00   0.0000000e+00   0.0000000e+00   0.0000000e+00   0.0000000e+00   0.0000000e+00   0.0000000e+00   0.0000000e+00   0.0000000e+00   0.0000000e+00   0.0000000e+00   0.0000000e+00   0.0000000e+00   0.0000000e+00   0.0000000e+00   0.0000000e+00   7.7406305e-05   0.0000000e+00   0.0000000e+00   0.0000000e+00   0.0000000e+00   8.6221900e-03   0.0000000e+00   0.0000000e+00   0.0000000e+00   0.0000000e+00   0.0000000e+00   0.0000000e+00   1.4913757e-04   0.0000000e+00   0.0000000e+00   0.0000000e+00   2.9410310e-03   4.4496603e-03   7.9523888e-04   3.0930559e-03   2.3989637e-04   1.0513878e-03   0.0000000e+00   2.5765909e-03   2.2651485e-04   5.5391717e-03   0.0000000e+00   1.3406550e-02   2.4859595e-04   6.7551123e-03   0.0000000e+00   1.0286618e-03   0.0000000e+00   1.8627190e-04   0.0000000e+00   2.2620717e-04   0.0000000e+00   0.0000000e+00   0.0000000e+00   0.0000000e+00   0.0000000e+00   0.0000000e+00   0.0000000e+00   0.0000000e+00   0.0000000e+00   0.0000000e+00   0.0000000e+00   0.0000000e+00   0.0000000e+00   0.0000000e+00   0.0000000e+00   4.9540774e-04   0.0000000e+00   0.0000000e+00
   0.0000000e+00   0.0000000e+00   0.0000000e+00   0.0000000e+00   4.7449011e-04   0.0000000e+00   0.0000000e+00   1.2609235e-03   0.0000000e+00   0.0000000e+00   0.0000000e+00   8.1963518e-03   0.0000000e+00   0.0000000e+00   0.0000000e+00   0.0000000e+00   0.0000000e+00   8.6222167e-04   0.0000000e+00   0.0000000e+00   0.0000000e+00   0.0000000e+00   0.0000000e+00   0.0000000e+00   0.0000000e+00   0.0000000e+00   8.5480837e-04   0.0000000e+00   0.0000000e+00   1.6533989e-02   0.0000000e+00   0.0000000e+00   0.0000000e+00   0.0000000e+00   0.0000000e+00   0.0000000e+00   0.0000000e+00   0.0000000e+00   0.0000000e+00   0.0000000e+00   0.0000000e+00   0.0000000e+00   0.0000000e+00   0.0000000e+00   0.0000000e+00   0.0000000e+00   3.8251511e-04   0.0000000e+00   0.0000000e+00   0.0000000e+00   0.0000000e+00   0.0000000e+00   0.0000000e+00   0.0000000e+00   0.0000000e+00   0.0000000e+00   0.0000000e+00   0.0000000e+00   0.0000000e+00   0.0000000e+00   0.0000000e+00   2.0194372e-04   0.0000000e+00   0.0000000e+00   0.0000000e+00   0.0000000e+00   0.0000000e+00   0.0000000e+00   0.0000000e+00   0.0000000e+00   0.0000000e+00   8.7821103e-04   8.3735433e-04   2.5780349e-03   4.4169203e-04   2.2413583e-04   0.0000000e+00   0.0000000e+00   0.0000000e+00   5.4275520e-03   5.6521368e-04   8.9430800e-03   0.0000000e+00   6.7042928e-03   0.0000000e+00   7.6394842e-04   0.0000000e+00   0.0000000e+00   0.0000000e+00   0.0000000e+00   0.0000000e+00   3.8206531e-04   0.0000000e+00   0.0000000e+00   0.0000000e+00   0.0000000e+00   0.0000000e+00   0.0000000e+00   0.0000000e+00   0.0000000e+00   0.0000000e+00   0.0000000e+00   0.0000000e+00   0.0000000e+00   0.0000000e+00   0.0000000e+00   0.0000000e+00   0.0000000e+00   0.0000000e+00   0.0000000e+00
   0.0000000e+00   0.0000000e+00   2.2435733e-03   0.0000000e+00   0.0000000e+00   4.0341345e-04   1.9803887e-02   0.0000000e+00   1.7661437e-03   4.2258376e-03   1.4160436e-03   0.0000000e+00   0.0000000e+00   0.0000000e+00   0.0000000e+00   4.1744661e-04   1.7806223e-03   0.0000000e+00   0.0000000e+00   0.0000000e+00   0.0000000e+00   0.0000000e+00   0.0000000e+00   0.0000000e+00   0.0000000e+00   0.0000000e+00   0.0000000e+00   0.0000000e+00   5.0663855e-04   0.0000000e+00   0.0000000e+00   0.0000000e+00   0.0000000e+00   0.0000000e+00   0.0000000e+00   0.0000000e+00   0.0000000e+00   0.0000000e+00   0.0000000e+00   0.0000000e+00   0.0000000e+00   0.0000000e+00   0.0000000e+00   0.0000000e+00   0.0000000e+00   0.0000000e+00   0.0000000e+00   0.0000000e+00   0.0000000e+00   0.0000000e+00   0.0000000e+00   0.0000000e+00   0.0000000e+00   0.0000000e+00   0.0000000e+00   0.0000000e+00   0.0000000e+00   0.0000000e+00   0.0000000e+00   0.0000000e+00   0.0000000e+00   0.0000000e+00   0.0000000e+00   7.6723936e-03   0.0000000e+00   0.0000000e+00   1.0785406e-02   6.6022426e-03   0.0000000e+00   1.9808042e-03   0.0000000e+00   4.3778377e-04   0.0000000e+00   0.0000000e+00   0.0000000e+00   0.0000000e+00   0.0000000e+00   0.0000000e+00   2.2671504e-03   0.0000000e+00   0.0000000e+00   0.0000000e+00   0.0000000e+00   0.0000000e+00   0.0000000e+00   0.0000000e+00   0.0000000e+00   0.0000000e+00   0.0000000e+00   0.0000000e+00   0.0000000e+00   0.0000000e+00   0.0000000e+00   0.0000000e+00   0.0000000e+00   0.0000000e+00   0.0000000e+00   0.0000000e+00   0.0000000e+00   0.0000000e+00   0.0000000e+00   0.0000000e+00   0.0000000e+00   0.0000000e+00   0.0000000e+00   0.0000000e+00   0.0000000e+00   0.0000000e+00   0.0000000e+00   0.0000000e+00
   2.4870540e-04   8.9372890e-05   5.7748376e-03   4.4071324e-04   1.3729336e-04   8.0643067e-04   5.4130934e-04   8.7890430e-05   1.9209647e-03   7.0021417e-04   0.0000000e+00   3.8190949e-05   0.0000000e+00   0.0000000e+00   0.0000000e+00   1.9212757e-03   1.5529130e-03   0.0000000e+00   2.4878573e-03   1.1459363e-04   7.0362369e-03   0.0000000e+00   8.2438251e-03   0.0000000e+00   1.2855898e-04   0.0000000e+00   0.0000000e+00   0.0000000e+00   3.4594549e-03   0.0000000e+00   0.0000000e+00   0.0000000e+00   0.0000000e+00   0.0000000e+00   0.0000000e+00   0.0000000e+00   0.0000000e+00   0.0000000e+00   0.0000000e+00   0.0000000e+00   0.0000000e+00   0.0000000e+00   0.0000000e+00   0.0000000e+00   9.6460340e-04   0.0000000e+00   0.0000000e+00   0.0000000e+00   0.0000000e+00   0.0000000e+00   0.0000000e+00   0.0000000e+00   0.0000000e+00   0.0000000e+00   0.0000000e+00   0.0000000e+00   0.0000000e+00   0.0000000e+00   7.0624114e-04   0.0000000e+00   1.3395011e-04   0.0000000e+00   1.6341733e-03   2.5224887e-03   0.0000000e+00   0.0000000e+00   9.1399990e-04   0.0000000e+00   1.3859188e-03   3.9596520e-03   8.6550750e-04   2.9904081e-04   0.0000000e+00   0.0000000e+00   0.0000000e+00   0.0000000e+00   0.0000000e+00   0.0000000e+00   8.0217852e-03   7.5193381e-05   2.6211519e-04   0.0000000e+00   3.0165728e-04   0.0000000e+00   4.3570815e-04   0.0000000e+00   0.0000000e+00   0.0000000e+00   9.9068841e-05   0.0000000e+00   3.4494691e-04   0.0000000e+00   4.3624944e-04   0.0000000e+00   1.5706347e-03   0.0000000e+00   2.2403990e-04   0.0000000e+00   4.4195758e-04   0.0000000e+00   1.2283412e-04   0.0000000e+00   1.5852963e-04   0.0000000e+00   2.6405257e-04   0.0000000e+00   0.0000000e+00   0.0000000e+00   2.1239239e-04   0.0000000e+00
   0.0000000e+00   0.0000000e+00   1.1077853e-04   0.0000000e+00   0.0000000e+00   0.0000000e+00   0.0000000e+00   9.1999668e-04   4.5752708e-04   5.8215069e-03   2.5095771e-04   9.3995885e-04   0.0000000e+00   4.1744661e-04   1.9212757e-03   0.0000000e+00   0.0000000e+00   5.4665379e-04   7.6190149e-04   3.1589508e-03   0.0000000e+00   5.4874436e-03   0.0000000e+00   2.2635392e-03   0.0000000e+00   0.0000000e+00   0.0000000e+00   0.0000000e+00   0.0000000e+00   3.6378696e-03   0.0000000e+00   4.0022239e-05   0.0000000e+00   0.0000000e+00   0.0000000e+00   0.0000000e+00   0.0000000e+00   0.0000000e+00   0.0000000e+00   0.0000000e+00   0.0000000e+00   0.0000000e+00   0.0000000e+00   0.0000000e+00   0.0000000e+00   3.1600383e-04   0.0000000e+00   0.0000000e+00   0.0000000e+00   0.0000000e+00   0.0000000e+00   0.0000000e+00   0.0000000e+00   0.0000000e+00   0.0000000e+00   0.0000000e+00   0.0000000e+00   0.0000000e+00   0.0000000e+00   0.0000000e+00   0.0000000e+00   0.0000000e+00   3.2927900e-04   7.9613225e-04   0.0000000e+00   0.0000000e+00   2.0201758e-03   1.0066289e-03   6.7840889e-04   1.2876432e-03   2.4105756e-04   5.1674826e-04   0.0000000e+00   0.0000000e+00   0.0000000e+00   0.0000000e+00   0.0000000e+00   0.0000000e+00   4.7185864e-05   9.5757504e-03   0.0000000e+00   0.0000000e+00   0.0000000e+00   9.0730314e-05   0.0000000e+00   3.3362614e-04   0.0000000e+00   0.0000000e+00   0.0000000e+00   0.0000000e+00   0.0000000e+00   1.0631880e-03   0.0000000e+00   0.0000000e+00   0.0000000e+00   9.6125756e-04   0.0000000e+00   0.0000000e+00   0.0000000e+00   0.0000000e+00   0.0000000e+00   7.1067636e-05   0.0000000e+00   0.0000000e+00   0.0000000e+00   0.0000000e+00   0.0000000e+00   0.0000000e+00   0.0000000e+00   0.0000000e+00
   0.0000000e+00   0.0000000e+00   8.5456287e-03   5.0505436e-04   0.0000000e+00   6.6183298e-04   0.0000000e+00   0.0000000e+00   0.0000000e+00   1.3731460e-04   2.4498908e-04   0.0000000e+00   0.0000000e+00   1.7806223e-03   1.5529130e-03   0.0000000e+00   0.0000000e+00   0.0000000e+00   0.0000000e+00   0.0000000e+00   0.0000000e+00   0.0000000e+00   1.4487789e-03   0.0000000e+00   0.0000000e+00   0.0000000e+00   0.0000000e+00   0.0000000e+00   4.4991811e-03   0.0000000e+00   9.7678639e-04   0.0000000e+00   5.2009550e-04   0.0000000e+00   0.0000000e+00   0.0000000e+00   0.0000000e+00   0.0000000e+00   0.0000000e+00   0.0000000e+00   0.0000000e+00   0.0000000e+00   0.0000000e+00   0.0000000e+00   0.0000000e+00   0.0000000e+00   0.0000000e+00   0.0000000e+00   0.0000000e+00   0.0000000e+00   0.0000000e+00   0.0000000e+00   1.8126769e-04   0.0000000e+00   5.8150988e-04   0.0000000e+00   2.3116631e-04   0.0000000e+00   1.8815367e-04   0.0000000e+00   0.0000000e+00   0.0000000e+00   0.0000000e+00   3.3428104e-04   0.0000000e+00   0.0000000e+00   0.0000000e+00   0.0000000e+00   0.0000000e+00   0.0000000e+00   0.0000000e+00   0.0000000e+00   0.0000000e+00   0.0000000e+00   0.0000000e+00   0.0000000e+00   0.0000000e+00   0.0000000e+00   1.1240229e-02   0.0000000e+00   2.6708411e-03   0.0000000e+00   5.7720683e-04   0.0000000e+00   0.0000000e+00   0.0000000e+00   0.0000000e+00   0.0000000e+00   0.0000000e+00   0.0000000e+00   0.0000000e+00   0.0000000e+00   0.0000000e+00   0.0000000e+00   1.7127099e-02   0.0000000e+00   1.5919857e-02   0.0000000e+00   6.7890443e-03   0.0000000e+00   6.7724768e-03   0.0000000e+00   4.6610738e-03   0.0000000e+00   2.6176046e-03   0.0000000e+00   0.0000000e+00   0.0000000e+00   0.0000000e+00   0.0000000e+00
   5.4798858e-04   0.0000000e+00   0.0000000e+00   0.0000000e+00   0.0000000e+00   5.1413407e-04   0.0000000e+00   3.6975537e-04   0.0000000e+00   1.7010992e-04   0.0000000e+00   0.0000000e+00   8.6222167e-04   0.0000000e+00   0.0000000e+00   5.4665379e-04   0.0000000e+00   0.0000000e+00   0.0000000e+00   0.0000000e+00   0.0000000e+00   0.0000000e+00   0.0000000e+00   4.5300973e-03   0.0000000e+00   3.6677428e-03   2.5092124e-04   2.3751590e-03   0.0000000e+00   1.3370934e-02   0.0000000e+00   2.5556904e-03   0.0000000e+00   7.3757201e-04   0.0000000e+00   0.0000000e+00   0.0000000e+00   4.5138650e-04   0.0000000e+00   4.6478349e-03   0.0000000e+00   0.0000000e+00   0.0000000e+00   0.0000000e+00   0.0000000e+00   0.0000000e+00   2.1582497e-04   4.5556498e-03   0.0000000e+00   1.5365039e-03   0.0000000e+00   2.2768622e-04   0.0000000e+00   2.4376598e-03   0.0000000e+00   0.0000000e+00   0.0000000e+00   0.0000000e+00   0.0000000e+00   0.0000000e+00   1.7674677e-04   2.7745947e-03   0.0000000e+00   0.0000000e+00   0.0000000e+00   3.1477987e-03   0.0000000e+00   0.0000000e+00   0.0000000e+00   0.0000000e+00   0.0000000e+00   0.0000000e+00   0.0000000e+00   1.4703143e-03   2.3984461e-04   7.9632152e-04   0.0000000e+00   0.0000000e+00   0.0000000e+00   7.5345954e-03   0.0000000e+00   1.0352108e-04   0.0000000e+00   0.0000000e+00   1.1898120e-04   1.3221689e-02   0.0000000e+00   0.0000000e+00   0.0000000e+00   0.0000000e+00   0.0000000e+00   1.3897563e-03   2.0099945e-04   1.1095937e-02   0.0000000e+00   2.3632608e-02   0.0000000e+00   1.8036748e-02   0.0000000e+00   6.3154671e-03   0.0000000e+00   1.2143505e-02   0.0000000e+00   4.3836898e-03   0.0000000e+00   8.4770923e-03   0.0000000e+00   2.6931117e-04   0.0000000e+00   1.4075696e-04
   2.5379303e-03   0.0000000e+00   4.6049071e-03   8.9470326e-04   0.0000000e+00   0.0000000e+00   0.0000000e+00   0.0000000e+00   0.0000000e+00   0.0000000e+00   0.0000000e+00   0.0000000e+00   0.0000000e+00   0.0000000e+00   2.4878573e-03   7.6190149e-04   0.0000000e+00   0.0000000e+00   0.0000000e+00   2.8365320e-03   1.0159924e-02   6.7946224e-04   3.1284966e-04   1.7987089e-04   1.1416130e-04   2.2085585e-04   3.0598736e-03   0.0000000e+00   0.0000000e+00   0.0000000e+00   0.0000000e+00   0.0000000e+00   0.0000000e+00   0.0000000e+00   0.0000000e+00   0.0000000e+00   0.0000000e+00   0.0000000e+00   0.0000000e+00   0.0000000e+00   0.0000000e+00   0.0000000e+00   0.0000000e+00   0.0000000e+00   0.0000000e+00   0.0000000e+00   5.9465783e-05   0.0000000e+00   0.0000000e+00   0.0000000e+00   0.0000000e+00   0.0000000e+00   0.0000000e+00   0.0000000e+00   0.0000000e+00   0.0000000e+00   0.0000000e+00   0.0000000e+00   0.0000000e+00   0.0000000e+00   0.0000000e+00   0.0000000e+00   0.0000000e+00   0.0000000e+00   2.0735762e-03   4.6343197e-04   0.0000000e+00   0.0000000e+00   3.3545240e-03   1.9465277e-03   5.5786222e-03   5.2960749e-03   0.0000000e+00   0.0000000e+00   0.0000000e+00   0.0000000e+00   0.0000000e+00   0.0000000e+00   0.0000000e+00   0.0000000e+00   0.0000000e+00   0.0000000e+00   0.0000000e+00   0.0000000e+00   0.0000000e+00   0.0000000e+00   0.0000000e+00   0.0000000e+00   0.0000000e+00   0.0000000e+00   0.0000000e+00   0.0000000e+00   0.0000000e+00   0.0000000e+00   1.6451422e-03   1.6916014e-04   9.5236495e-04   0.0000000e+00   0.0000000e+00   0.0000000e+00   0.0000000e+00   0.0000000e+00   0.0000000e+00   0.0000000e+00   0.0000000e+00   0.0000000e+00   0.0000000e+00   0.0000000e+00   0.0000000e+00   0.0000000e+00
   0.0000000e+00   0.0000000e+00   0.0000000e+00   0.0000000e+00   0.0000000e+00   0.0000000e+00   0.0000000e+00   0.0000000e+00   0.0000000e+00   0.0000000e+00   0.0000000e+00   0.0000000e+00   0.0000000e+00   0.0000000e+00   1.1459363e-04   3.1589508e-03   0.0000000e+00   0.0000000e+00   2.8365320e-03   0.0000000e+00   0.0000000e+00   2.5165724e-02   0.0000000e+00   0.0000000e+00   0.0000000e+00   5.3957464e-04   2.5909357e-04   8.9244083e-03   0.0000000e+00   0.0000000e+00   0.0000000e+00   0.0000000e+00   0.0000000e+00   0.0000000e+00   0.0000000e+00   0.0000000e+00   0.0000000e+00   0.0000000e+00   0.0000000e+00   0.0000000e+00   0.0000000e+00   0.0000000e+00   0.0000000e+00   0.0000000e+00   0.0000000e+00   0.0000000e+00   0.0000000e+00   2.5426011e-04   0.0000000e+00   0.0000000e+00   0.0000000e+00   0.0000000e+00   0.0000000e+00   0.0000000e+00   0.0000000e+00   0.0000000e+00   0.0000000e+00   0.0000000e+00   0.0000000e+00   0.0000000e+00   0.0000000e+00   0.0000000e+00   0.0000000e+00   0.0000000e+00   4.4340937e-03   1.4656101e-02   0.0000000e+00   0.0000000e+00   1.5239942e-03   1.5850265e-03   0.0000000e+00   0.0000000e+00   0.0000000e+00   0.0000000e+00   0.0000000e+00   0.0000000e+00   0.0000000e+00   0.0000000e+00   0.0000000e+00   0.0000000e+00   0.0000000e+00   0.0000000e+00   0.0000000e+00   0.0000000e+00   0.0000000e+00   0.0000000e+00   0.0000000e+00   0.0000000e+00   0.0000000e+00   0.0000000e+00   0.0000000e+00   0.0000000e+00   0.0000000e+00   0.0000000e+00   0.0000000e+00   0.0000000e+00   0.0000000e+00   0.0000000e+00   0.0000000e+00   0.0000000e+00   0.0000000e+00   0.0000000e+00   0.0000000e+00   0.0000000e+00   0.0000000e+00   0.0000000e+00   0.0000000e+00   0.0000000e+00   0.0000000e+00   0.0000000e+00
   1.2884774e-03   0.0000000e+00   2.5696533e-04   0.0000000e+00   0.0000000e+00   0.0000000e+00   0.0000000e+00   0.0000000e+00   0.0000000e+00   0.0000000e+00   0.0000000e+00   0.0000000e+00   0.0000000e+00   0.0000000e+00   7.0362369e-03   0.0000000e+00   0.0000000e+00   0.0000000e+00   1.0159924e-02   0.0000000e+00   0.0000000e+00   0.0000000e+00   4.3599408e-03   0.0000000e+00   3.5771798e-03   0.0000000e+00   7.0343729e-03   0.0000000e+00   0.0000000e+00   0.0000000e+00   0.0000000e+00   0.0000000e+00   0.0000000e+00   0.0000000e+00   0.0000000e+00   0.0000000e+00   0.0000000e+00   0.0000000e+00   0.0000000e+00   0.0000000e+00   0.0000000e+00   0.0000000e+00   0.0000000e+00   0.0000000e+00   0.0000000e+00   0.0000000e+00   1.7750798e-03   0.0000000e+00   0.0000000e+00   0.0000000e+00   0.0000000e+00   0.0000000e+00   0.0000000e+00   0.0000000e+00   0.0000000e+00   0.0000000e+00   0.0000000e+00   0.0000000e+00   0.0000000e+00   0.0000000e+00   0.0000000e+00   0.0000000e+00   0.0000000e+00   0.0000000e+00   0.0000000e+00   0.0000000e+00   0.0000000e+00   0.0000000e+00   0.0000000e+00   0.0000000e+00   0.0000000e+00   0.0000000e+00   0.0000000e+00   0.0000000e+00   0.0000000e+00   0.0000000e+00   0.0000000e+00   0.0000000e+00   0.0000000e+00   0.0000000e+00   0.0000000e+00   0.0000000e+00   0.0000000e+00   0.0000000e+00   0.0000000e+00   0.0000000e+00   0.0000000e+00   0.0000000e+00   0.0000000e+00   0.0000000e+00   0.0000000e+00   0.0000000e+00   0.0000000e+00   0.0000000e+00   9.8606299e-04   0.0000000e+00   1.6474906e-04   0.0000000e+00   0.0000000e+00   0.0000000e+00   0.0000000e+00   0.0000000e+00   0.0000000e+00   0.0000000e+00   0.0000000e+00   0.0000000e+00   0.0000000e+00   0.0000000e+00   0.0000000e+00   0.0000000e+00
   0.0000000e+00   0.0000000e+00   0.0000000e+00   0.0000000e+00   0.0000000e+00   0.0000000e+00   0.0000000e+00   0.0000000e+00   0.0000000e+00   0.0000000e+00   0.0000000e+00   0.0000000e+00   0.0000000e+00   0.0000000e+00   0.0000000e+00   5.4874436e-03   0.0000000e+00   0.0000000e+00   6.7946224e-04   2.5165724e-02   0.0000000e+00   0.0000000e+00   0.0000000e+00   2.5585899e-03   0.0000000e+00   3.5116083e-03   0.0000000e+00   1.6196270e-02   0.0000000e+00   0.0000000e+00   0.0000000e+00   0.0000000e+00   0.0000000e+00   0.0000000e+00   0.0000000e+00   0.0000000e+00   0.0000000e+00   0.0000000e+00   0.0000000e+00   0.0000000e+00   0.0000000e+00   0.0000000e+00   0.0000000e+00   0.0000000e+00   0.0000000e+00   0.0000000e+00   0.0000000e+00   3.1510886e-03   0.0000000e+00   0.0000000e+00   0.0000000e+00   0.0000000e+00   0.0000000e+00   0.0000000e+00   0.0000000e+00   0.0000000e+00   0.0000000e+00   0.0000000e+00   0.0000000e+00   0.0000000e+00   0.0000000e+00   0.0000000e+00   0.0000000e+00   0.0000000e+00   1.2900485e-03   1.4981479e-03   0.0000000e+00   0.0000000e+00   7.4124063e-04   2.9851826e-03   0.0000000e+00   0.0000000e+00   0.0000000e+00   0.0000000e+00   0.0000000e+00   0.0000000e+00   0.0000000e+00   0.0000000e+00   0.0000000e+00   0.0000000e+00   0.0000000e+00   0.0000000e+00   0.0000000e+00   0.0000000e+00   0.0000000e+00   0.0000000e+00   0.0000000e+00   0.0000000e+00   0.0000000e+00   0.0000000e+00   0.0000000e+00   0.0000000e+00   0.0000000e+00   0.0000000e+00   0.0000000e+00   0.0000000e+00   0.0000000e+00   0.0000000e+00   0.0000000e+00   0.0000000e+00   0.0000000e+00   0.0000000e+00   0.0000000e+00   0.0000000e+00   0.0000000e+00   0.0000000e+00   0.0000000e+00   0.0000000e+00   0.0000000e+00   0.0000000e+00
