   0.0000000e+00   7.7699969e-04   1.0564434e-02   1.7230271e-03   3.5922184e-03   7.3664180e-04   8.5745899e-03   1.8317612e-03   0.0000000e+00   0.0000000e+00   0.0000000e+00   0.0000000e+00   0.0000000e+00   0.0000000e+00   1.2492836e-03   0.0000000e+00   8.6230439e-03   5.1139698e-04   9.6340060e-04   0.0000000e+00   0.0000000e+00   0.0000000e+00   0.0000000e+00   0.0000000e+00   0.0000000e+00   0.0000000e+00   0.0000000e+00   0.0000000e+00   0.0000000e+00   0.0000000e+00   0.0000000e+00   0.0000000e+00   0.0000000e+00   0.0000000e+00   0.0000000e+00   0.0000000e+00   1.5205682e-03   0.0000000e+00   7.9655448e-04   0.0000000e+00   0.0000000e+00   0.0000000e+00   2.4754320e-03   0.0000000e+00   2.7795758e-03   0.0000000e+00   0.0000000e+00   0.0000000e+00   0.0000000e+00   0.0000000e+00   0.0000000e+00   0.0000000e+00   0.0000000e+00   0.0000000e+00   0.0000000e+00   0.0000000e+00   3.5807026e-03   0.0000000e+00   0.0000000e+00   0.0000000e+00   1.0275838e-02   5.0244706e-04   1.2448539e-02   0.0000000e+00   0.0000000e+00   0.0000000e+00   4.4056121e-03   0.0000000e+00   1.6998061e-02   1.3170183e-03   1.1561713e-02   1.0156934e-03   1.3812286e-03   0.0000000e+00   5.9533408e-03   2.7458155e-04   0.0000000e+00   0.0000000e+00   4.7391006e-04   0.0000000e+00   0.0000000e+00   0.0000000e+00   3.4045597e-03   0.0000000e+00   3.4561021e-02   3.6013790e-04   0.0000000e+00   0.0000000e+00   4.6246488e-04   0.0000000e+00   4.8981648e-02   0.0000000e+00   1.1008174e-02   0.0000000e+00   0.0000000e+00   0.0000000e+00   2.4432858e-04   0.0000000e+00   0.0000000e+00   0.0000000e+00   0.0000000e+00   0.0000000e+00   0.0000000e+00   0.0000000e+00   0.0000000e+00   0.0000000e+00   0.0000000e+00   0.0000000e+00   4.5571551e-03   0.0000000e+00
   7.7699969e-04   0.0000000e+00   1.6175086e-02   9.2493170e-03   4.9162782e-04   5.4413891e-03   0.0000000e+00   1.7183978e-03   7.0981532e-04   0.0000000e+00   0.0000000e+00   0.0000000e+00   0.0000000e+00   0.0000000e+00   7.0389978e-04   0.0000000e+00   2.4145581e-03   0.0000000e+00   0.0000000e+00   2.7761636e-04   3.3973494e-04   0.0000000e+00   2.5310021e-04   0.0000000e+00   0.0000000e+00   0.0000000e+00   8.7199813e-04   0.0000000e+00   1.7936115e-04   0.0000000e+00   0.0000000e+00   0.0000000e+00   0.0000000e+00   0.0000000e+00   0.0000000e+00   0.0000000e+00   0.0000000e+00   0.0000000e+00   0.0000000e+00   0.0000000e+00   0.0000000e+00   0.0000000e+00   0.0000000e+00   0.0000000e+00   0.0000000e+00   0.0000000e+00   0.0000000e+00   0.0000000e+00   0.0000000e+00   0.0000000e+00   0.0000000e+00   0.0000000e+00   0.0000000e+00   0.0000000e+00   0.0000000e+00   0.0000000e+00   3.3829636e-04   0.0000000e+00   0.0000000e+00   0.0000000e+00   0.0000000e+00   0.0000000e+00   5.4797922e-03   8.1330917e-04   2.0017060e-03   0.0000000e+00   1.5273278e-03   0.0000000e+00   2.3897083e-03   0.0000000e+00   7.0795343e-03   8.8282325e-04   3.4534890e-03   0.0000000e+00   4.8302361e-04   0.0000000e+00   0.0000000e+00   0.0000000e+00   9.1339126e-04   0.0000000e+00   0.0000000e+00   0.0000000e+00   0.0000000e+00   0.0000000e+00   5.4422789e-04   0.0000000e+00   0.0000000e+00   0.0000000e+00   0.0000000e+00   0.0000000e+00   0.0000000e+00   0.0000000e+00   0.0000000e+00   0.0000000e+00   3.7892545e-04   0.0000000e+00   9.1288291e-04   0.0000000e+00   0.0000000e+00   0.0000000e+00   0.0000000e+00   0.0000000e+00   0.0000000e+00   0.0000000e+00   0.0000000e+00   0.0000000e+00   0.0000000e+00   0.0000000e+00   0.0000000e+00   0.0000000e+00
   1.0564434e-02   1.6175086e-02   0.0000000e+00   3.7926947e-03   2.9190524e-03   1.4577997e-02   0.0000000e+00   1.2624087e-03   0.0000000e+00   0.0000000e+00   0.0000000e+00   0.0000000e+00   0.0000000e+00   0.0000000e+00   6.4841726e-04   1.4207692e-04   1.5952621e-02   1.6071400e-03   8.1411151e-04   0.0000000e+00   3.5472323e-04   0.0000000e+00   1.4418903e-03   0.0000000e+00   0.0000000e+00   0.0000000e+00   5.9750494e-04   3.8740682e-04   1.0627627e-03   0.0000000e+00   0.0000000e+00   0.0000000e+00   0.0000000e+00   0.0000000e+00   0.0000000e+00   0.0000000e+00   8.6286911e-04   0.0000000e+00   0.0000000e+00   0.0000000e+00   0.0000000e+00   0.0000000e+00   6.5919961e-03   0.0000000e+00   4.4571765e-03   0.0000000e+00   0.0000000e+00   0.0000000e+00   1.5631153e-03   0.0000000e+00   0.0000000e+00   0.0000000e+00   0.0000000e+00   0.0000000e+00   0.0000000e+00   0.0000000e+00   5.3157591e-03   0.0000000e+00   0.0000000e+00   0.0000000e+00   4.5658721e-04   0.0000000e+00   3.6068104e-03   0.0000000e+00   0.0000000e+00   0.0000000e+00   0.0000000e+00   0.0000000e+00   1.5048326e-03   0.0000000e+00   2.4805190e-03   5.4571601e-04   3.0169253e-04   0.0000000e+00   0.0000000e+00   0.0000000e+00   0.0000000e+00   0.0000000e+00   3.2684339e-03   0.0000000e+00   3.1304891e-03   0.0000000e+00   2.9370581e-03   0.0000000e+00   3.4030413e-03   0.0000000e+00   0.0000000e+00   0.0000000e+00   3.8483673e-03   0.0000000e+00   1.1211691e-02   0.0000000e+00   7.3641867e-04   0.0000000e+00   4.0369392e-03   0.0000000e+00   3.2812908e-03   6.4089393e-04   0.0000000e+00   0.0000000e+00   0.0000000e+00   0.0000000e+00   0.0000000e+00   0.0000000e+00   0.0000000e+00   0.0000000e+00   0.0000000e+00   0.0000000e+00   0.0000000e+00   0.0000000e+00
   1.7230271e-03   9.2493170e-03   3.7926947e-03   0.0000000e+00   8.9555687e-04   8.7249415e-03   6.5535822e-03   5.7665739e-04   0.0000000e+00   0.0000000e+00   0.0000000e+00   0.0000000e+00   0.0000000e+00   0.0000000e+00   0.0000000e+00   0.0000000e+00   0.0000000e+00   0.0000000e+00   0.0000000e+00   0.0000000e+00   0.0000000e+00   0.0000000e+00   0.0000000e+00   0.0000000e+00   0.0000000e+00   0.0000000e+00   0.0000000e+00   0.0000000e+00   1.9036459e-04   0.0000000e+00   0.0000000e+00   0.0000000e+00   0.0000000e+00   0.0000000e+00   0.0000000e+00   0.0000000e+00   0.0000000e+00   0.0000000e+00   0.0000000e+00   0.0000000e+00   0.0000000e+00   0.0000000e+00   2.7776993e-03   0.0000000e+00   4.5879022e-03   0.0000000e+00   0.0000000e+00   0.0000000e+00   1.5272645e-03   0.0000000e+00   0.0000000e+00   0.0000000e+00   0.0000000e+00   0.0000000e+00   0.0000000e+00   0.0000000e+00   6.3983836e-03   0.0000000e+00   0.0000000e+00   0.0000000e+00   0.0000000e+00   0.0000000e+00   2.2672076e-02   0.0000000e+00   0.0000000e+00   0.0000000e+00   7.9918655e-03   0.0000000e+00   5.4890119e-04   0.0000000e+00   6.5171906e-04   0.0000000e+00   0.0000000e+00   0.0000000e+00   0.0000000e+00   0.0000000e+00   0.0000000e+00   0.0000000e+00   0.0000000e+00   0.0000000e+00   0.0000000e+00   0.0000000e+00   1.2004894e-03   0.0000000e+00   0.0000000e+00   0.0000000e+00   0.0000000e+00   0.0000000e+00   0.0000000e+00   0.0000000e+00   3.9116590e-03   0.0000000e+00   0.0000000e+00   0.0000000e+00   0.0000000e+00   0.0000000e+00   0.0000000e+00   0.0000000e+00   0.0000000e+00   0.0000000e+00   0.0000000e+00   0.0000000e+00   0.0000000e+00   0.0000000e+00   0.0000000e+00   0.0000000e+00   0.0000000e+00   0.0000000e+00   0.0000000e+00   0.0000000e+00
   3.5922184e-03   4.9162782e-04   2.9190524e-03   8.9555687e-04   0.0000000e+00   8.5496451e-03   1.9697756e-03   0.0000000e+00   0.0000000e+00   0.0000000e+00   0.0000000e+00   0.0000000e+00   0.0000000e+00   0.0000000e+00   0.0000000e+00   0.0000000e+00   3.8785286e-03   0.0000000e+00   2.8883455e-04   0.0000000e+00   0.0000000e+00   0.0000000e+00   0.0000000e+00   0.0000000e+00   0.0000000e+00   0.0000000e+00   1.0727996e-03   0.0000000e+00   3.7100757e-03   0.0000000e+00   0.0000000e+00   0.0000000e+00   0.0000000e+00   0.0000000e+00   0.0000000e+00   0.0000000e+00   3.8163529e-03   0.0000000e+00   3.3998906e-03   0.0000000e+00   0.0000000e+00   0.0000000e+00   1.4962640e-02   0.0000000e+00   8.2400354e-03   0.0000000e+00   5.2486538e-04   0.0000000e+00   0.0000000e+00   0.0000000e+00   0.0000000e+00   0.0000000e+00   0.0000000e+00   0.0000000e+00   2.5684205e-04   0.0000000e+00   0.0000000e+00   0.0000000e+00   0.0000000e+00   0.0000000e+00   3.6080739e-04   0.0000000e+00   2.5125205e-03   0.0000000e+00   0.0000000e+00   0.0000000e+00   8.0262884e-04   0.0000000e+00   1.0054450e-03   0.0000000e+00   6.1995217e-04   0.0000000e+00   1.0855364e-03   0.0000000e+00   1.9787219e-04   0.0000000e+00   0.0000000e+00   0.0000000e+00   0.0000000e+00   0.0000000e+00   1.0799417e-02   0.0000000e+00   7.9529903e-03   0.0000000e+00   5.6758730e-03   0.0000000e+00   9.6743883e-03   0.0000000e+00   2.0526758e-02   0.0000000e+00   1.4670801e-02   0.0000000e+00   6.1022575e-04   0.0000000e+00   0.0000000e+00   0.0000000e+00   7.7705656e-04   0.0000000e+00   0.0000000e+00   0.0000000e+00   0.0000000e+00   0.0000000e+00   0.0000000e+00   0.0000000e+00   0.0000000e+00   0.0000000e+00   0.0000000e+00   0.0000000e+00   3.2145567e-04   0.0000000e+00
   7.3664180e-04   5.4413891e-03   1.4577997e-02   8.7249415e-03   8.5496451e-03   0.0000000e+00   0.0000000e+00   0.0000000e+00   0.0000000e+00   0.0000000e+00   0.0000000e+00   0.0000000e+00   0.0000000e+00   0.0000000e+00   1.2966559e-03   0.0000000e+00   1.4482645e-03   0.0000000e+00   0.0000000e+00   0.0000000e+00   0.0000000e+00   0.0000000e+00   2.2944755e-04   0.0000000e+00   0.0000000e+00   0.0000000e+00   0.0000000e+00   0.0000000e+00   2.6597649e-03   0.0000000e+00   0.0000000e+00   0.0000000e+00   0.0000000e+00   0.0000000e+00   0.0000000e+00   0.0000000e+00   0.0000000e+00   0.0000000e+00   0.0000000e+00   0.0000000e+00   0.0000000e+00   0.0000000e+00   0.0000000e+00   0.0000000e+00   0.0000000e+00   0.0000000e+00   0.0000000e+00   0.0000000e+00   0.0000000e+00   0.0000000e+00   0.0000000e+00   0.0000000e+00   0.0000000e+00   0.0000000e+00   0.0000000e+00   0.0000000e+00   0.0000000e+00   0.0000000e+00   0.0000000e+00   0.0000000e+00   0.0000000e+00   0.0000000e+00   0.0000000e+00   0.0000000e+00   0.0000000e+00   0.0000000e+00   0.0000000e+00   0.0000000e+00   0.0000000e+00   0.0000000e+00   0.0000000e+00   0.0000000e+00   0.0000000e+00   0.0000000e+00   0.0000000e+00   0.0000000e+00   0.0000000e+00   0.0000000e+00   1.2368335e-03   0.0000000e+00   1.5196519e-02   0.0000000e+00   3.2432196e-04   0.0000000e+00   0.0000000e+00   0.0000000e+00   3.6789863e-03   0.0000000e+00   1.1777922e-03   0.0000000e+00   0.0000000e+00   0.0000000e+00   0.0000000e+00   0.0000000e+00   0.0000000e+00   0.0000000e+00   0.0000000e+00   0.0000000e+00   0.0000000e+00   0.0000000e+00   0.0000000e+00   0.0000000e+00   0.0000000e+00   0.0000000e+00   0.0000000e+00   0.0000000e+00   0.0000000e+00   0.0000000e+00   0.0000000e+00   0.0000000e+00
   8.5745899e-03   0.0000000e+00   0.0000000e+00   6.5535822e-03   1.9697756e-03   0.0000000e+00   0.0000000e+00   0.0000000e+00   0.0000000e+00   2.3597033e-03   0.0000000e+00   0.0000000e+00   0.0000000e+00   2.0345027e-02   2.1344253e-03   0.0000000e+00   0.0000000e+00   0.0000000e+00   0.0000000e+00   0.0000000e+00   0.0000000e+00   0.0000000e+00   0.0000000e+00   0.0000000e+00   0.0000000e+00   0.0000000e+00   0.0000000e+00   0.0000000e+00   0.0000000e+00   0.0000000e+00   0.0000000e+00   0.0000000e+00   0.0000000e+00   0.0000000e+00   0.0000000e+00   0.0000000e+00   0.0000000e+00   0.0000000e+00   0.0000000e+00   0.0000000e+00   0.0000000e+00   0.0000000e+00   0.0000000e+00   0.0000000e+00   0.0000000e+00   0.0000000e+00   0.0000000e+00   0.0000000e+00   0.0000000e+00   0.0000000e+00   0.0000000e+00   0.0000000e+00   0.0000000e+00   0.0000000e+00   0.0000000e+00   0.0000000e+00   1.8987031e-03   0.0000000e+00   0.0000000e+00   0.0000000e+00   4.3746421e-03   0.0000000e+00   6.8755730e-03   0.0000000e+00   0.0000000e+00   0.0000000e+00   3.6269960e-03   1.4714278e-03   2.2107774e-03   0.0000000e+00   8.9621884e-04   0.0000000e+00   0.0000000e+00   0.0000000e+00   1.3024669e-03   0.0000000e+00   0.0000000e+00   0.0000000e+00   1.3946212e-03   0.0000000e+00   0.0000000e+00   0.0000000e+00   0.0000000e+00   0.0000000e+00   4.6754433e-04   0.0000000e+00   0.0000000e+00   0.0000000e+00   0.0000000e+00   0.0000000e+00   3.7529987e-03   0.0000000e+00   0.0000000e+00   0.0000000e+00   0.0000000e+00   0.0000000e+00   0.0000000e+00   0.0000000e+00   0.0000000e+00   0.0000000e+00   0.0000000e+00   0.0000000e+00   0.0000000e+00   0.0000000e+00   0.0000000e+00   0.0000000e+00   0.0000000e+00   0.0000000e+00   4.0162875e-04   0.0000000e+00
   1.8317612e-03   1.7183978e-03   1.2624087e-03   5.7665739e-04   0.0000000e+00   0.0000000e+00   0.0000000e+00   0.0000000e+00   5.4356544e-03   9.6510034e-03   4.4800404e-03   1.0043757e-02   0.0000000e+00   1.0822596e-03   0.0000000e+00   1.5142309e-04   7.7511573e-04   5.6286566e-03   0.0000000e+00   0.0000000e+00   0.0000000e+00   0.0000000e+00   0.0000000e+00   0.0000000e+00   0.0000000e+00   0.0000000e+00   3.6230315e-04   3.7706612e-04   0.0000000e+00   3.4499624e-04   0.0000000e+00   0.0000000e+00   0.0000000e+00   0.0000000e+00   0.0000000e+00   0.0000000e+00   0.0000000e+00   0.0000000e+00   0.0000000e+00   0.0000000e+00   0.0000000e+00   0.0000000e+00   3.6172161e-04   0.0000000e+00   0.0000000e+00   0.0000000e+00   1.5657991e-03   3.4533450e-04   7.6467389e-04   3.4189313e-04   0.0000000e+00   0.0000000e+00   0.0000000e+00   0.0000000e+00   0.0000000e+00   0.0000000e+00   0.0000000e+00   4.3937312e-03   0.0000000e+00   0.0000000e+00   1.0101569e-03   7.9614765e-03   1.5232308e-03   2.3003216e-03   0.0000000e+00   0.0000000e+00   0.0000000e+00   0.0000000e+00   4.0460437e-04   1.1388670e-03   4.2764165e-04   1.1583740e-03   8.7221127e-04   4.5276561e-03   2.9502141e-03   1.0627976e-02   0.0000000e+00   1.9516101e-03   0.0000000e+00   0.0000000e+00   0.0000000e+00   0.0000000e+00   0.0000000e+00   5.7211373e-03   6.3896907e-04   2.5918180e-02   0.0000000e+00   1.1449644e-03   3.9418380e-04   7.4003211e-04   3.0493165e-04   1.2605986e-03   0.0000000e+00   4.8476213e-03   0.0000000e+00   0.0000000e+00   0.0000000e+00   2.5016473e-04   0.0000000e+00   0.0000000e+00   0.0000000e+00   5.9389815e-04   0.0000000e+00   0.0000000e+00   0.0000000e+00   0.0000000e+00   0.0000000e+00   4.6923217e-03   9.8102735e-04   2.6840480e-03
   0.0000000e+00   7.0981532e-04   0.0000000e+00   0.0000000e+00   0.0000000e+00   0.0000000e+00   0.0000000e+00   5.4356544e-03   0.0000000e+00   1.4328916e-02   1.1142625e-02   2.1802094e-03   9.4846235e-04   0.0000000e+00   0.0000000e+00   6.1619105e-04   0.0000000e+00   2.7865520e-04   3.1185635e-04   9.2745002e-04   0.0000000e+00   1.7141432e-04   0.0000000e+00   0.0000000e+00   0.0000000e+00   0.0000000e+00   2.6828517e-04   1.5417906e-03   0.0000000e+00   0.0000000e+00   0.0000000e+00   0.0000000e+00   0.0000000e+00   0.0000000e+00   0.0000000e+00   0.0000000e+00   0.0000000e+00   0.0000000e+00   0.0000000e+00   0.0000000e+00   0.0000000e+00   0.0000000e+00   0.0000000e+00   0.0000000e+00   0.0000000e+00   0.0000000e+00   0.0000000e+00   0.0000000e+00   0.0000000e+00   0.0000000e+00   0.0000000e+00   0.0000000e+00   0.0000000e+00   0.0000000e+00   0.0000000e+00   0.0000000e+00   0.0000000e+00   8.7492918e-04   0.0000000e+00   0.0000000e+00   0.0000000e+00   0.0000000e+00   0.0000000e+00   3.2925786e-03   0.0000000e+00   1.1290896e-03   7.9305754e-04   5.4597502e-04   1.0690536e-03   2.1768618e-03   1.5248580e-03   4.2776235e-03   3.8856571e-04   3.6684877e-04   0.0000000e+00   9.6160630e-04   0.0000000e+00   0.0000000e+00   0.0000000e+00   9.5495047e-04   0.0000000e+00   4.4512589e-04   0.0000000e+00   0.0000000e+00   0.0000000e+00   9.1066576e-04   0.0000000e+00   0.0000000e+00   0.0000000e+00   0.0000000e+00   0.0000000e+00   0.0000000e+00   0.0000000e+00   0.0000000e+00   0.0000000e+00   0.0000000e+00   0.0000000e+00   0.0000000e+00   0.0000000e+00   0.0000000e+00   0.0000000e+00   0.0000000e+00   0.0000000e+00   0.0000000e+00   0.0000000e+00   0.0000000e+00   0.0000000e+00   0.0000000e+00   0.0000000e+00   0.0000000e+00
   0.0000000e+00   0.0000000e+00   0.0000000e+00   0.0000000e+00   0.0000000e+00   0.0000000e+00   2.3597033e-03   9.6510034e-03   1.4328916e-02   0.0000000e+00   9.4750759e-03   2.1453438e-02   1.3789444e-02   1.4932709e-03   2.5642035e-04   3.1718979e-03   1.1719509e-03   1.5332371e-02   3.3411391e-04   8.0631208e-04   0.0000000e+00   1.1097782e-03   0.0000000e+00   4.0986453e-03   0.0000000e+00   0.0000000e+00   0.0000000e+00   1.6064656e-04   0.0000000e+00   3.2067552e-03   0.0000000e+00   6.6398085e-04   0.0000000e+00   2.8095733e-04   0.0000000e+00   5.7764505e-04   0.0000000e+00   2.4362065e-04   0.0000000e+00   0.0000000e+00   0.0000000e+00   4.6354477e-03   0.0000000e+00   2.5568061e-04   0.0000000e+00   0.0000000e+00   0.0000000e+00   0.0000000e+00   0.0000000e+00   0.0000000e+00   0.0000000e+00   0.0000000e+00   0.0000000e+00   0.0000000e+00   0.0000000e+00   0.0000000e+00   0.0000000e+00   1.2874914e-03   0.0000000e+00   0.0000000e+00   0.0000000e+00   8.7517704e-04   0.0000000e+00   1.0076828e-02   0.0000000e+00   0.0000000e+00   8.7704555e-04   2.8862954e-03   4.6214867e-04   7.4448961e-04   3.8243472e-04   1.5672182e-03   0.0000000e+00   1.6564002e-03   0.0000000e+00   2.5087098e-03   0.0000000e+00   0.0000000e+00   0.0000000e+00   6.4068001e-03   0.0000000e+00   2.5150259e-03   0.0000000e+00   4.3826558e-03   0.0000000e+00   7.0834361e-03   0.0000000e+00   1.1467019e-02   0.0000000e+00   2.1365322e-03   0.0000000e+00   9.8204258e-04   0.0000000e+00   1.7229961e-03   0.0000000e+00   2.3501335e-03   0.0000000e+00   4.5322111e-03   0.0000000e+00   0.0000000e+00   0.0000000e+00   4.4635234e-04   0.0000000e+00   0.0000000e+00   0.0000000e+00   0.0000000e+00   0.0000000e+00   0.0000000e+00   0.0000000e+00   6.6806627e-04
   0.0000000e+00   0.0000000e+00   0.0000000e+00   0.0000000e+00   0.0000000e+00   0.0000000e+00   0.0000000e+00   4.4800404e-03   1.1142625e-02   9.4750759e-03   0.0000000e+00   9.3325963e-03   1.2647492e-02   2.0672597e-03   0.0000000e+00   2.2332295e-04   0.0000000e+00   2.3479116e-03   0.0000000e+00   0.0000000e+00   0.0000000e+00   3.4088395e-04   0.0000000e+00   5.5710657e-04   0.0000000e+00   0.0000000e+00   0.0000000e+00   3.6872805e-04   0.0000000e+00   8.6612226e-04   0.0000000e+00   0.0000000e+00   0.0000000e+00   0.0000000e+00   0.0000000e+00   0.0000000e+00   0.0000000e+00   0.0000000e+00   0.0000000e+00   0.0000000e+00   0.0000000e+00   0.0000000e+00   0.0000000e+00   0.0000000e+00   0.0000000e+00   0.0000000e+00   0.0000000e+00   0.0000000e+00   0.0000000e+00   9.7977357e-04   0.0000000e+00   0.0000000e+00   0.0000000e+00   0.0000000e+00   0.0000000e+00   0.0000000e+00   0.0000000e+00   6.6031401e-04   0.0000000e+00   0.0000000e+00   0.0000000e+00   0.0000000e+00   0.0000000e+00   1.3999559e-02   0.0000000e+00   0.0000000e+00   0.0000000e+00   2.4754192e-03   0.0000000e+00   0.0000000e+00   0.0000000e+00   0.0000000e+00   0.0000000e+00   1.0379810e-03   0.0000000e+00   7.7578017e-04   0.0000000e+00   0.0000000e+00   0.0000000e+00   2.2923780e-03   0.0000000e+00   2.9942316e-03   0.0000000e+00   0.0000000e+00   0.0000000e+00   0.0000000e+00   0.0000000e+00   4.1787103e-03   0.0000000e+00   1.7116563e-03   0.0000000e+00   0.0000000e+00   0.0000000e+00   0.0000000e+00   0.0000000e+00   0.0000000e+00   0.0000000e+00   0.0000000e+00   0.0000000e+00   0.0000000e+00   0.0000000e+00   0.0000000e+00   0.0000000e+00   0.0000000e+00   0.0000000e+00   0.0000000e+00   0.0000000e+00   0.0000000e+00   0.0000000e+00   0.0000000e+00
   0.0000000e+00   0.0000000e+00   0.0000000e+00   0.0000000e+00   0.0000000e+00   0.0000000e+00   0.0000000e+00   1.0043757e-02   2.1802094e-03   2.1453438e-02   9.3325963e-03   0.0000000e+00   3.8963862e-03   1.1549976e-02   0.0000000e+00   7.5636533e-04   0.0000000e+00   4.7714597e-03   0.0000000e+00   2.6346405e-04   0.0000000e+00   1.1051477e-03   0.0000000e+00   5.3836190e-04   0.0000000e+00   0.0000000e+00   0.0000000e+00   6.7758560e-04   0.0000000e+00   3.6913979e-04   0.0000000e+00   0.0000000e+00   0.0000000e+00   1.2226515e-03   0.0000000e+00   0.0000000e+00   0.0000000e+00   3.8794415e-04   0.0000000e+00   0.0000000e+00   0.0000000e+00   1.1805475e-03   0.0000000e+00   2.7104646e-03   0.0000000e+00   7.9956194e-04   0.0000000e+00   6.5463981e-04   0.0000000e+00   8.8173223e-04   0.0000000e+00   3.1474925e-04   0.0000000e+00   2.4288629e-04   0.0000000e+00   0.0000000e+00   0.0000000e+00   4.9195674e-04   0.0000000e+00   0.0000000e+00   0.0000000e+00   3.4075834e-03   0.0000000e+00   9.2139271e-03   0.0000000e+00   0.0000000e+00   0.0000000e+00   1.8521157e-03   0.0000000e+00   0.0000000e+00   0.0000000e+00   0.0000000e+00   6.3654533e-04   1.6779658e-03   5.9656795e-04   2.0565521e-03   0.0000000e+00   1.4573404e-03   0.0000000e+00   7.6407895e-04   0.0000000e+00   7.5264272e-03   0.0000000e+00   8.7242822e-03   0.0000000e+00   1.4608078e-02   0.0000000e+00   2.4964728e-03   0.0000000e+00   6.8961403e-03   0.0000000e+00   7.0244307e-03   0.0000000e+00   7.6876551e-03   0.0000000e+00   0.0000000e+00   0.0000000e+00   0.0000000e+00   0.0000000e+00   0.0000000e+00   0.0000000e+00   2.0354391e-03   0.0000000e+00   0.0000000e+00   0.0000000e+00   0.0000000e+00   0.0000000e+00   6.1687222e-04   0.0000000e+00   4.3226913e-03
   0.0000000e+00   0.0000000e+00   0.0000000e+00   0.0000000e+00   0.0000000e+00   0.0000000e+00   0.0000000e+00   0.0000000e+00   9.4846235e-04   1.3789444e-02   1.2647492e-02   3.8963862e-03   0.0000000e+00   0.0000000e+00   0.0000000e+00   3.0166288e-03   0.0000000e+00   9.1458026e-04   0.0000000e+00   0.0000000e+00   0.0000000e+00   0.0000000e+00   0.0000000e+00   4.4327092e-03   0.0000000e+00   0.0000000e+00   0.0000000e+00   0.0000000e+00   0.0000000e+00   2.8475106e-03   0.0000000e+00   0.0000000e+00   0.0000000e+00   0.0000000e+00   0.0000000e+00   0.0000000e+00   0.0000000e+00   0.0000000e+00   0.0000000e+00   0.0000000e+00   0.0000000e+00   0.0000000e+00   0.0000000e+00   0.0000000e+00   0.0000000e+00   0.0000000e+00   0.0000000e+00   0.0000000e+00   0.0000000e+00   0.0000000e+00   0.0000000e+00   0.0000000e+00   0.0000000e+00   0.0000000e+00   0.0000000e+00   0.0000000e+00   0.0000000e+00   0.0000000e+00   0.0000000e+00   0.0000000e+00   0.0000000e+00   0.0000000e+00   0.0000000e+00   1.2198036e-02   0.0000000e+00   0.0000000e+00   0.0000000e+00   5.1564791e-03   0.0000000e+00   0.0000000e+00   0.0000000e+00   0.0000000e+00   0.0000000e+00   0.0000000e+00   0.0000000e+00   0.0000000e+00   0.0000000e+00   0.0000000e+00   0.0000000e+00   7.9797706e-03   0.0000000e+00   1.2231460e-02   0.0000000e+00   0.0000000e+00   0.0000000e+00   0.0000000e+00   0.0000000e+00   8.7017008e-03   0.0000000e+00   4.3413832e-03   0.0000000e+00   0.0000000e+00   0.0000000e+00   0.0000000e+00   0.0000000e+00   0.0000000e+00   0.0000000e+00   0.0000000e+00   0.0000000e+00   0.0000000e+00   0.0000000e+00   0.0000000e+00   0.0000000e+00   0.0000000e+00   0.0000000e+00   0.0000000e+00   0.0000000e+00   0.0000000e+00   0.0000000e+00   0.0000000e+00
   0.0000000e+00   0.0000000e+00   0.0000000e+00   0.0000000e+00   0.0000000e+00   0.0000000e+00   2.0345027e-02   1.0822596e-03   0.0000000e+00   1.4932709e-03   2.0672597e-03   1.1549976e-02   0.0000000e+00   0.0000000e+00   3.3549173e-04   1.4234958e-03   0.0000000e+00   0.0000000e+00   0.0000000e+00   0.0000000e+00   0.0000000e+00   0.0000000e+00   0.0000000e+00   0.0000000e+00   0.0000000e+00   0.0000000e+00   0.0000000e+00   0.0000000e+00   0.0000000e+00   0.0000000e+00   0.0000000e+00   0.0000000e+00   0.0000000e+00   0.0000000e+00   0.0000000e+00   0.0000000e+00   0.0000000e+00   0.0000000e+00   0.0000000e+00   0.0000000e+00   0.0000000e+00   0.0000000e+00   0.0000000e+00   0.0000000e+00   0.0000000e+00   0.0000000e+00   0.0000000e+00   0.0000000e+00   0.0000000e+00   0.0000000e+00   0.0000000e+00   0.0000000e+00   0.0000000e+00   0.0000000e+00   0.0000000e+00   0.0000000e+00   0.0000000e+00   1.3059292e-03   0.0000000e+00   0.0000000e+00   0.0000000e+00   0.0000000e+00   0.0000000e+00   4.5681157e-02   0.0000000e+00   0.0000000e+00   5.9363786e-03   2.4503814e-03   0.0000000e+00   0.0000000e+00   0.0000000e+00   0.0000000e+00   0.0000000e+00   0.0000000e+00   0.0000000e+00   2.3666498e-03   0.0000000e+00   0.0000000e+00   0.0000000e+00   9.7474845e-04   0.0000000e+00   0.0000000e+00   0.0000000e+00   7.1554129e-03   0.0000000e+00   2.6507703e-03   0.0000000e+00   0.0000000e+00   0.0000000e+00   0.0000000e+00   0.0000000e+00   1.0172188e-03   0.0000000e+00   1.5301006e-03   0.0000000e+00   0.0000000e+00   0.0000000e+00   0.0000000e+00   0.0000000e+00   0.0000000e+00   0.0000000e+00   0.0000000e+00   0.0000000e+00   0.0000000e+00   0.0000000e+00   0.0000000e+00   0.0000000e+00   0.0000000e+00   0.0000000e+00   1.3097618e-03
   1.2492836e-03   7.0389978e-04   6.4841726e-04   0.0000000e+00   0.0000000e+00   1.2966559e-03   2.1344253e-03   0.0000000e+00   0.0000000e+00   2.5642035e-04   0.0000000e+00   0.0000000e+00   0.0000000e+00   3.3549173e-04   0.0000000e+00   5.0258418e-03   4.9430637e-03   0.0000000e+00   1.3676639e-02   1.5577164e-03   6.0058730e-03   0.0000000e+00   4.5975577e-03   1.1088549e-04   6.0069748e-03   0.0000000e+00   3.9719661e-04   0.0000000e+00   2.7114428e-03   0.0000000e+00   5.4571473e-04   0.0000000e+00   9.5046907e-04   0.0000000e+00   2.1367164e-04   0.0000000e+00   2.5480606e-03   0.0000000e+00   0.0000000e+00   0.0000000e+00   0.0000000e+00   0.0000000e+00   0.0000000e+00   0.0000000e+00   0.0000000e+00   0.0000000e+00   0.0000000e+00   0.0000000e+00   0.0000000e+00   0.0000000e+00   0.0000000e+00   0.0000000e+00   0.0000000e+00   0.0000000e+00   0.0000000e+00   0.0000000e+00   1.4534367e-04   0.0000000e+00   0.0000000e+00   0.0000000e+00   0.0000000e+00   0.0000000e+00   2.1147786e-03   6.3598354e-04   0.0000000e+00   0.0000000e+00   1.1120097e-02   1.3428681e-03   1.6140901e-02   3.2759931e-03   8.3104773e-03   1.4446799e-03   0.0000000e+00   0.0000000e+00   0.0000000e+00   0.0000000e+00   0.0000000e+00   0.0000000e+00   7.4960488e-03   3.9320247e-03   2.1143310e-03   0.0000000e+00   0.0000000e+00   0.0000000e+00   0.0000000e+00   0.0000000e+00   0.0000000e+00   0.0000000e+00   0.0000000e+00   0.0000000e+00   0.0000000e+00   0.0000000e+00   0.0000000e+00   0.0000000e+00   2.8823648e-03   1.8574629e-04   2.6727073e-03   0.0000000e+00   0.0000000e+00   0.0000000e+00   2.1696230e-04   0.0000000e+00   0.0000000e+00   0.0000000e+00   3.3261284e-04   0.0000000e+00   0.0000000e+00   0.0000000e+00   0.0000000e+00   0.0000000e+00
   0.0000000e+00   0.0000000e+00   1.4207692e-04   0.0000000e+00   0.0000000e+00   0.0000000e+00   0.0000000e+00   1.5142309e-04   6.1619105e-04   3.1718979e-03   2.2332295e-04   7.5636533e-04   3.0166288e-03   1.4234958e-03   5.0258418e-03   0.0000000e+00   4.2570429e-04   5.2632910e-03   4.0569266e-03   4.4797683e-03   3.8089994e-04   7.4497859e-03   0.0000000e+00   5.6044351e-03   0.0000000e+00   1.0042100e-03   0.0000000e+00   1.1663607e-03   0.0000000e+00   2.1229645e-03   0.0000000e+00   7.7144446e-04   0.0000000e+00   1.4596680e-04   0.0000000e+00   3.4434926e-04   0.0000000e+00   2.8986040e-04   0.0000000e+00   0.0000000e+00   0.0000000e+00   0.0000000e+00   0.0000000e+00   2.7487245e-03   0.0000000e+00   0.0000000e+00   0.0000000e+00   0.0000000e+00   0.0000000e+00   0.0000000e+00   0.0000000e+00   0.0000000e+00   0.0000000e+00   0.0000000e+00   0.0000000e+00   0.0000000e+00   0.0000000e+00   1.1525588e-03   0.0000000e+00   0.0000000e+00   0.0000000e+00   0.0000000e+00   0.0000000e+00   3.1894598e-03   0.0000000e+00   0.0000000e+00   4.9796814e-04   2.4670900e-03   1.7931024e-03   5.6902603e-03   9.4115690e-04   2.2209527e-03   0.0000000e+00   0.0000000e+00   0.0000000e+00   1.0480835e-03   0.0000000e+00   0.0000000e+00   3.7581716e-04   2.1199202e-02   0.0000000e+00   4.3267764e-03   0.0000000e+00   1.7279112e-03   0.0000000e+00   1.8285161e-03   0.0000000e+00   0.0000000e+00   0.0000000e+00   9.9713533e-04   0.0000000e+00   1.6163515e-04   0.0000000e+00   4.9381085e-04   0.0000000e+00   7.9015206e-04   0.0000000e+00   2.3973655e-03   0.0000000e+00   0.0000000e+00   0.0000000e+00   2.5684230e-03   0.0000000e+00   2.2457444e-03   0.0000000e+00   0.0000000e+00   0.0000000e+00   0.0000000e+00   0.0000000e+00   1.3509030e-04
   8.6230439e-03   2.4145581e-03   1.5952621e-02   0.0000000e+00   3.8785286e-03   1.4482645e-03   0.0000000e+00   7.7511573e-04   0.0000000e+00   1.1719509e-03   0.0000000e+00   0.0000000e+00   0.0000000e+00   0.0000000e+00   4.9430637e-03   4.2570429e-04   0.0000000e+00   1.2373180e-02   9.9054684e-03   6.3957894e-04   8.2927602e-03   0.0000000e+00   1.6254042e-03   0.0000000e+00   6.8854636e-03   0.0000000e+00   1.5570413e-03   0.0000000e+00   2.8792986e-03   0.0000000e+00   3.8458015e-03   0.0000000e+00   6.5064332e-03   0.0000000e+00   1.9314799e-03   0.0000000e+00   9.2347109e-03   0.0000000e+00   0.0000000e+00   0.0000000e+00   0.0000000e+00   0.0000000e+00   1.2605885e-02   0.0000000e+00   4.2667841e-03   0.0000000e+00   4.6557524e-04   0.0000000e+00   2.8644220e-04   0.0000000e+00   0.0000000e+00   0.0000000e+00   0.0000000e+00   0.0000000e+00   0.0000000e+00   0.0000000e+00   1.7790216e-04   0.0000000e+00   0.0000000e+00   0.0000000e+00   0.0000000e+00   0.0000000e+00   0.0000000e+00   0.0000000e+00   0.0000000e+00   0.0000000e+00   0.0000000e+00   0.0000000e+00   1.7884918e-03   0.0000000e+00   7.5805342e-04   0.0000000e+00   1.6412524e-03   0.0000000e+00   8.3622521e-04   0.0000000e+00   0.0000000e+00   0.0000000e+00   3.3380639e-03   0.0000000e+00   0.0000000e+00   0.0000000e+00   8.1362922e-04   9.2368865e-04   2.5102313e-03   0.0000000e+00   0.0000000e+00   0.0000000e+00   1.7473276e-02   6.6999952e-04   4.2174369e-03   0.0000000e+00   0.0000000e+00   0.0000000e+00   1.6278199e-02   0.0000000e+00   5.6504675e-03   2.4690992e-03   2.0358837e-03   0.0000000e+00   8.1626215e-03   0.0000000e+00   8.1638142e-03   0.0000000e+00   2.1484135e-03   0.0000000e+00   0.0000000e+00   0.0000000e+00   0.0000000e+00   0.0000000e+00
   5.1139698e-04   0.0000000e+00   1.6071400e-03   0.0000000e+00   0.0000000e+00   0.0000000e+00   0.0000000e+00   5.6286566e-03   2.7865520e-04   1.5332371e-02   2.3479116e-03   4.7714597e-03   9.1458026e-04   0.0000000e+00   0.0000000e+00   5.2632910e-03   1.2373180e-02   0.0000000e+00   1.0303952e-03   4.1344811e-03   0.0000000e+00   1.1750361e-02   0.0000000e+00   5.3103901e-03   0.0000000e+00   5.0187649e-03   4.4598472e-04   1.9219040e-03   0.0000000e+00   3.4250502e-03   0.0000000e+00   2.6807972e-03   0.0000000e+00   1.0124563e-02   0.0000000e+00   2.3686604e-03   4.2614326e-04   1.0838864e-02   0.0000000e+00   2.4269010e-03   0.0000000e+00   1.3622130e-03   0.0000000e+00   6.0176483e-03   0.0000000e+00   2.9436964e-03   0.0000000e+00   0.0000000e+00   0.0000000e+00   0.0000000e+00   0.0000000e+00   0.0000000e+00   0.0000000e+00   5.6217543e-04   0.0000000e+00   0.0000000e+00   0.0000000e+00   0.0000000e+00   0.0000000e+00   0.0000000e+00   0.0000000e+00   0.0000000e+00   0.0000000e+00   0.0000000e+00   0.0000000e+00   0.0000000e+00   0.0000000e+00   0.0000000e+00   3.3393668e-04   1.5098431e-03   5.0161863e-04   2.8819196e-03   5.5402629e-04   2.8258061e-03   0.0000000e+00   3.5082292e-04   0.0000000e+00   0.0000000e+00   0.0000000e+00   3.8950999e-03   0.0000000e+00   0.0000000e+00   0.0000000e+00   2.7992991e-03   1.6601413e-03   7.7691536e-03   0.0000000e+00   2.7578601e-03   0.0000000e+00   7.0143728e-03   1.0991633e-03   4.3298332e-04   0.0000000e+00   0.0000000e+00   0.0000000e+00   7.6710354e-03   1.8319486e-03   5.1330381e-03   0.0000000e+00   1.3611622e-03   0.0000000e+00   7.1649026e-03   0.0000000e+00   4.4834756e-03   0.0000000e+00   1.1275747e-03   0.0000000e+00   0.0000000e+00   0.0000000e+00   0.0000000e+00
   9.6340060e-04   0.0000000e+00   8.1411151e-04   0.0000000e+00   2.8883455e-04   0.0000000e+00   0.0000000e+00   0.0000000e+00   3.1185635e-04   3.3411391e-04   0.0000000e+00   0.0000000e+00   0.0000000e+00   0.0000000e+00   1.3676639e-02   4.0569266e-03   9.9054684e-03   1.0303952e-03   0.0000000e+00   2.8130825e-02   1.7780735e-02   2.0956923e-02   2.2240575e-04   0.0000000e+00   2.0180194e-04   0.0000000e+00   9.5752974e-03   6.8386833e-04   0.0000000e+00   0.0000000e+00   1.5547114e-03   0.0000000e+00   4.6981069e-03   0.0000000e+00   6.6360824e-04   0.0000000e+00   7.4398070e-03   0.0000000e+00   0.0000000e+00   0.0000000e+00   0.0000000e+00   0.0000000e+00   6.1051509e-04   0.0000000e+00   0.0000000e+00   0.0000000e+00   1.8490048e-04   0.0000000e+00   0.0000000e+00   0.0000000e+00   0.0000000e+00   0.0000000e+00   0.0000000e+00   0.0000000e+00   0.0000000e+00   0.0000000e+00   0.0000000e+00   0.0000000e+00   0.0000000e+00   0.0000000e+00   0.0000000e+00   0.0000000e+00   0.0000000e+00   0.0000000e+00   5.4230378e-03   2.4100008e-04   0.0000000e+00   0.0000000e+00   2.4297469e-03   2.3354987e-03   1.3906197e-03   1.5623928e-04   0.0000000e+00   0.0000000e+00   0.0000000e+00   0.0000000e+00   0.0000000e+00   0.0000000e+00   0.0000000e+00   0.0000000e+00   0.0000000e+00   0.0000000e+00   0.0000000e+00   0.0000000e+00   1.4070468e-04   0.0000000e+00   0.0000000e+00   0.0000000e+00   6.4384727e-04   0.0000000e+00   3.4564972e-04   0.0000000e+00   0.0000000e+00   0.0000000e+00   7.9101030e-05   0.0000000e+00   8.0388386e-03   0.0000000e+00   0.0000000e+00   0.0000000e+00   5.4898506e-04   0.0000000e+00   0.0000000e+00   0.0000000e+00   1.2760756e-03   0.0000000e+00   0.0000000e+00   0.0000000e+00   0.0000000e+00   0.0000000e+00
   0.0000000e+00   2.7761636e-04   0.0000000e+00   0.0000000e+00   0.0000000e+00   0.0000000e+00   0.0000000e+00   0.0000000e+00   9.2745002e-04   8.0631208e-04   0.0000000e+00   2.6346405e-04   0.0000000e+00   0.0000000e+00   1.5577164e-03   4.4797683e-03   6.3957894e-04   4.1344811e-03   2.8130825e-02   0.0000000e+00   0.0000000e+00   1.8273809e-02   0.0000000e+00   0.0000000e+00   0.0000000e+00   6.3349250e-04   1.1622068e-02   7.7980673e-03   0.0000000e+00   0.0000000e+00   0.0000000e+00   0.0000000e+00   0.0000000e+00   0.0000000e+00   0.0000000e+00   0.0000000e+00   0.0000000e+00   0.0000000e+00   0.0000000e+00   0.0000000e+00   0.0000000e+00   0.0000000e+00   0.0000000e+00   9.4353962e-04   0.0000000e+00   0.0000000e+00   0.0000000e+00   3.0710693e-04   0.0000000e+00   0.0000000e+00   0.0000000e+00   0.0000000e+00   0.0000000e+00   0.0000000e+00   0.0000000e+00   0.0000000e+00   0.0000000e+00   0.0000000e+00   0.0000000e+00   0.0000000e+00   2.2274863e-04   4.0618750e-04   0.0000000e+00   0.0000000e+00   1.7281739e-02   6.1348956e-03   0.0000000e+00   0.0000000e+00   3.0375742e-03   3.4202884e-03   3.0826641e-04   1.0005053e-03   2.9375555e-04   8.6666106e-04   0.0000000e+00   6.8117014e-04   0.0000000e+00   0.0000000e+00   0.0000000e+00   0.0000000e+00   0.0000000e+00   0.0000000e+00   0.0000000e+00   4.5297370e-04   0.0000000e+00   1.2496238e-04   0.0000000e+00   0.0000000e+00   0.0000000e+00   1.4098441e-03   0.0000000e+00   0.0000000e+00   0.0000000e+00   0.0000000e+00   0.0000000e+00   0.0000000e+00   0.0000000e+00   4.2477256e-04   0.0000000e+00   0.0000000e+00   0.0000000e+00   0.0000000e+00   0.0000000e+00   0.0000000e+00   0.0000000e+00   0.0000000e+00   0.0000000e+00   2.8752322e-04   0.0000000e+00   0.0000000e+00
   0.0000000e+00   3.3973494e-04   3.5472323e-04   0.0000000e+00   0.0000000e+00   0.0000000e+00   0.0000000e+00   0.0000000e+00   0.0000000e+00   0.0000000e+00   0.0000000e+00   0.0000000e+00   0.0000000e+00   0.0000000e+00   6.0058730e-03   3.8089994e-04   8.2927602e-03   0.0000000e+00   1.7780735e-02   0.0000000e+00   0.0000000e+00   0.0000000e+00   3.4857736e-03   0.0000000e+00   1.8547556e-02   0.0000000e+00   1.4129117e-02   0.0000000e+00   1.5523542e-03   0.0000000e+00   8.1745133e-04   0.0000000e+00   5.0413108e-03   0.0000000e+00   1.3979011e-03   0.0000000e+00   6.5171532e-03   0.0000000e+00   0.0000000e+00   0.0000000e+00   0.0000000e+00   0.0000000e+00   3.1627650e-03   0.0000000e+00   4.7935395e-04   0.0000000e+00   1.2455153e-03   0.0000000e+00   0.0000000e+00   0.0000000e+00   0.0000000e+00   0.0000000e+00   0.0000000e+00   0.0000000e+00   0.0000000e+00   0.0000000e+00   0.0000000e+00   0.0000000e+00   0.0000000e+00   0.0000000e+00   0.0000000e+00   0.0000000e+00   0.0000000e+00   0.0000000e+00   3.6641308e-04   0.0000000e+00   0.0000000e+00   0.0000000e+00   3.5170728e-04   0.0000000e+00   0.0000000e+00   0.0000000e+00   0.0000000e+00   0.0000000e+00   0.0000000e+00   0.0000000e+00   0.0000000e+00   0.0000000e+00   4.3220786e-04   0.0000000e+00   0.0000000e+00   0.0000000e+00   0.0000000e+00   0.0000000e+00   0.0000000e+00   0.0000000e+00   0.0000000e+00   0.0000000e+00   3.6931455e-03   0.0000000e+00   1.0937719e-03   0.0000000e+00   0.0000000e+00   0.0000000e+00   2.2613307e-03   0.0000000e+00   4.4561165e-03   0.0000000e+00   0.0000000e+00   0.0000000e+00   9.0027157e-04   0.0000000e+00   0.0000000e+00   0.0000000e+00   1.0388386e-03   0.0000000e+00   0.0000000e+00   0.0000000e+00   0.0000000e+00   0.0000000e+00
   0.0000000e+00   0.0000000e+00   0.0000000e+00   0.0000000e+00   0.0000000e+00   0.0000000e+00   0.0000000e+00   0.0000000e+00   1.7141432e-04   1.1097782e-03   3.4088395e-04   1.1051477e-03   0.0000000e+00   0.0000000e+00   0.0000000e+00   7.4497859e-03   0.0000000e+00   1.1750361e-02   2.0956923e-02   1.8273809e-02   0.0000000e+00   0.0000000e+00   0.0000000e+00   3.8526058e-03   0.0000000e+00   8.4328676e-03   5.6802849e-03   1.7275032e-02   0.0000000e+00   4.9156149e-04   0.0000000e+00   9.0005700e-04   0.0000000e+00   7.5468305e-04   0.0000000e+00   3.9001674e-04   0.0000000e+00   1.2900236e-03   0.0000000e+00   0.0000000e+00   0.0000000e+00   3.1742939e-04   0.0000000e+00   4.7500533e-03   0.0000000e+00   2.3634898e-04   0.0000000e+00   2.4086130e-04   0.0000000e+00   0.0000000e+00   0.0000000e+00   0.0000000e+00   0.0000000e+00   0.0000000e+00   0.0000000e+00   0.0000000e+00   0.0000000e+00   0.0000000e+00   0.0000000e+00   0.0000000e+00   0.0000000e+00   0.0000000e+00   0.0000000e+00   9.2389152e-04   5.7864992e-03   0.0000000e+00   0.0000000e+00   0.0000000e+00   3.8454574e-04   3.7870564e-04   0.0000000e+00   0.0000000e+00   0.0000000e+00   1.5062143e-04   0.0000000e+00   1.1315838e-04   0.0000000e+00   0.0000000e+00   0.0000000e+00   8.1372616e-04   0.0000000e+00   0.0000000e+00   0.0000000e+00   8.0583910e-04   0.0000000e+00   0.0000000e+00   0.0000000e+00   0.0000000e+00   0.0000000e+00   4.3740013e-03   0.0000000e+00   0.0000000e+00   0.0000000e+00   0.0000000e+00   0.0000000e+00   1.3936316e-03   0.0000000e+00   3.2146650e-03   0.0000000e+00   0.0000000e+00   0.0000000e+00   2.1796879e-03   0.0000000e+00   1.4476124e-03   0.0000000e+00   0.0000000e+00   0.0000000e+00   0.0000000e+00   0.0000000e+00   0.0000000e+00
