   0.0000000e+00   1.6877616e-02   9.0352740e-03   5.1869332e-03   1.2962699e-03   9.3062305e-03   6.2167554e-03   8.5392384e-03   1.0399657e-03   2.7453305e-04   0.0000000e+00   2.2056645e-03   7.8163973e-04   0.0000000e+00   2.5349136e-03   2.9528251e-04   2.9002162e-03   0.0000000e+00   6.1311727e-03   0.0000000e+00   1.9833217e-03   0.0000000e+00   1.5476689e-03   1.1456961e-03   0.0000000e+00   9.1896996e-04   8.9862620e-04   0.0000000e+00   3.1103177e-03   1.2396916e-04   0.0000000e+00   0.0000000e+00   0.0000000e+00   0.0000000e+00   0.0000000e+00   0.0000000e+00   0.0000000e+00   0.0000000e+00   0.0000000e+00   0.0000000e+00   0.0000000e+00   0.0000000e+00   0.0000000e+00   0.0000000e+00   0.0000000e+00   0.0000000e+00   3.6154221e-03   0.0000000e+00   3.4601897e-03   0.0000000e+00   0.0000000e+00   0.0000000e+00   1.8939023e-04   0.0000000e+00   9.9631999e-04   0.0000000e+00   1.5257233e-03   1.4930045e-04   0.0000000e+00   0.0000000e+00   6.4085605e-03   1.2277107e-03   6.2630763e-03   3.4017100e-03   0.0000000e+00   0.0000000e+00   0.0000000e+00   0.0000000e+00   3.0289164e-03   8.0515655e-03   5.7059604e-04   1.5338991e-04   1.0529388e-03   1.0008049e-04   6.2119748e-03   5.2146035e-03   3.4240551e-04   7.4713834e-04   8.9997663e-04   0.0000000e+00   2.7626383e-04   0.0000000e+00   0.0000000e+00   1.9502485e-04   2.4662426e-03   2.1194424e-04   0.0000000e+00   0.0000000e+00   0.0000000e+00   0.0000000e+00   0.0000000e+00   0.0000000e+00   0.0000000e+00   0.0000000e+00   0.0000000e+00   0.0000000e+00   0.0000000e+00   0.0000000e+00   0.0000000e+00   2.0096745e-04   0.0000000e+00   0.0000000e+00   0.0000000e+00   0.0000000e+00   0.0000000e+00   0.0000000e+00   4.3338414e-03   3.6886234e-03   2.4988861e-04   0.0000000e+00
   1.6877616e-02   0.0000000e+00   4.6279944e-03   1.4973632e-03   4.8377225e-04   2.2685187e-03   4.6642337e-04   5.3222561e-04   1.6248443e-02   0.0000000e+00   0.0000000e+00   0.0000000e+00   0.0000000e+00   6.2054031e-04   4.0967341e-04   0.0000000e+00   0.0000000e+00   0.0000000e+00   0.0000000e+00   0.0000000e+00   0.0000000e+00   0.0000000e+00   0.0000000e+00   0.0000000e+00   0.0000000e+00   0.0000000e+00   2.0306645e-04   2.4558786e-03   0.0000000e+00   0.0000000e+00   0.0000000e+00   0.0000000e+00   0.0000000e+00   0.0000000e+00   0.0000000e+00   0.0000000e+00   0.0000000e+00   0.0000000e+00   0.0000000e+00   0.0000000e+00   0.0000000e+00   0.0000000e+00   0.0000000e+00   0.0000000e+00   0.0000000e+00   0.0000000e+00   5.5315252e-04   2.1344232e-04   2.2311289e-03   0.0000000e+00   0.0000000e+00   0.0000000e+00   0.0000000e+00   0.0000000e+00   0.0000000e+00   2.2388492e-04   8.8550209e-04   9.5696147e-04   0.0000000e+00   0.0000000e+00   0.0000000e+00   0.0000000e+00   1.3319017e-03   5.2454130e-03   0.0000000e+00   3.6015733e-04   1.3066836e-03   0.0000000e+00   7.1226667e-04   2.5491844e-03   1.8445361e-04   7.2794647e-04   4.9363297e-04   1.0651793e-03   3.9640158e-04   4.2184997e-04   0.0000000e+00   3.1662879e-04   0.0000000e+00   0.0000000e+00   0.0000000e+00   0.0000000e+00   0.0000000e+00   0.0000000e+00   0.0000000e+00   0.0000000e+00   0.0000000e+00   0.0000000e+00   0.0000000e+00   0.0000000e+00   0.0000000e+00   0.0000000e+00   0.0000000e+00   0.0000000e+00   0.0000000e+00   0.0000000e+00   0.0000000e+00   0.0000000e+00   0.0000000e+00   0.0000000e+00   0.0000000e+00   0.0000000e+00   0.0000000e+00   0.0000000e+00   0.0000000e+00   0.0000000e+00   0.0000000e+00   0.0000000e+00   0.0000000e+00   0.0000000e+00
   9.0352740e-03   4.6279944e-03   0.0000000e+00   8.7435037e-03   1.9748389e-03   2.0442152e-03   4.7957346e-03   7.9583854e-04   0.0000000e+00   8.5614271e-03   1.9262641e-03   0.0000000e+00   3.4637426e-03   0.0000000e+00   2.3096819e-03   9.8366770e-05   6.5002546e-03   3.5900815e-04   7.0895423e-04   0.0000000e+00   4.6538753e-04   0.0000000e+00   4.6573307e-03   0.0000000e+00   6.8917235e-04   0.0000000e+00   0.0000000e+00   0.0000000e+00   3.7660405e-03   1.0662058e-03   0.0000000e+00   0.0000000e+00   2.6355118e-04   0.0000000e+00   0.0000000e+00   0.0000000e+00   4.0636842e-04   0.0000000e+00   2.7711214e-04   0.0000000e+00   0.0000000e+00   0.0000000e+00   0.0000000e+00   0.0000000e+00   0.0000000e+00   0.0000000e+00   0.0000000e+00   0.0000000e+00   1.3852945e-03   0.0000000e+00   0.0000000e+00   0.0000000e+00   1.8610781e-03   0.0000000e+00   2.6445102e-03   0.0000000e+00   3.0571239e-03   0.0000000e+00   7.5020674e-04   0.0000000e+00   0.0000000e+00   0.0000000e+00   1.2408458e-02   8.7257242e-03   0.0000000e+00   0.0000000e+00   2.2719271e-03   0.0000000e+00   5.4151272e-03   7.8856666e-03   2.5954694e-04   2.8673349e-03   6.9961096e-04   0.0000000e+00   1.3495054e-03   1.4158449e-03   1.5594043e-03   3.5987558e-04   2.9092208e-03   5.2091499e-04   0.0000000e+00   0.0000000e+00   0.0000000e+00   0.0000000e+00   5.8652174e-04   0.0000000e+00   0.0000000e+00   0.0000000e+00   0.0000000e+00   0.0000000e+00   0.0000000e+00   0.0000000e+00   0.0000000e+00   0.0000000e+00   2.4125965e-03   0.0000000e+00   5.6091333e-04   0.0000000e+00   3.9157179e-03   0.0000000e+00   3.5953175e-03   0.0000000e+00   0.0000000e+00   0.0000000e+00   1.9356892e-03   0.0000000e+00   0.0000000e+00   8.9886425e-04   2.3776894e-03   0.0000000e+00
   5.1869332e-03   1.4973632e-03   8.7435037e-03   0.0000000e+00   7.5309626e-04   1.1357782e-03   0.0000000e+00   1.3033520e-04   0.0000000e+00   9.3677210e-04   0.0000000e+00   0.0000000e+00   0.0000000e+00   0.0000000e+00   8.6760685e-04   0.0000000e+00   0.0000000e+00   0.0000000e+00   1.3690064e-04   0.0000000e+00   0.0000000e+00   0.0000000e+00   0.0000000e+00   0.0000000e+00   0.0000000e+00   0.0000000e+00   0.0000000e+00   0.0000000e+00   0.0000000e+00   0.0000000e+00   0.0000000e+00   0.0000000e+00   0.0000000e+00   0.0000000e+00   0.0000000e+00   0.0000000e+00   0.0000000e+00   0.0000000e+00   0.0000000e+00   0.0000000e+00   0.0000000e+00   0.0000000e+00   0.0000000e+00   0.0000000e+00   0.0000000e+00   0.0000000e+00   0.0000000e+00   0.0000000e+00   0.0000000e+00   0.0000000e+00   0.0000000e+00   0.0000000e+00   0.0000000e+00   0.0000000e+00   0.0000000e+00   0.0000000e+00   5.9950681e-04   0.0000000e+00   0.0000000e+00   0.0000000e+00   0.0000000e+00   0.0000000e+00   3.8875914e-03   1.1316247e-03   0.0000000e+00   0.0000000e+00   0.0000000e+00   0.0000000e+00   1.1669240e-03   2.4755584e-03   0.0000000e+00   3.2793633e-04   4.1247533e-04   0.0000000e+00   5.8345662e-04   0.0000000e+00   0.0000000e+00   0.0000000e+00   0.0000000e+00   0.0000000e+00   0.0000000e+00   0.0000000e+00   0.0000000e+00   0.0000000e+00   1.7436421e-04   0.0000000e+00   0.0000000e+00   0.0000000e+00   0.0000000e+00   0.0000000e+00   0.0000000e+00   0.0000000e+00   0.0000000e+00   0.0000000e+00   0.0000000e+00   0.0000000e+00   0.0000000e+00   0.0000000e+00   0.0000000e+00   0.0000000e+00   0.0000000e+00   0.0000000e+00   0.0000000e+00   0.0000000e+00   0.0000000e+00   0.0000000e+00   0.0000000e+00   0.0000000e+00   3.1775202e-04   0.0000000e+00
   1.2962699e-03   4.8377225e-04   1.9748389e-03   7.5309626e-04   0.0000000e+00   2.1133625e-02   0.0000000e+00   0.0000000e+00   0.0000000e+00   1.6534641e-03   4.0943919e-04   1.0752470e-03   4.2666994e-04   0.0000000e+00   0.0000000e+00   0.0000000e+00   0.0000000e+00   0.0000000e+00   0.0000000e+00   0.0000000e+00   0.0000000e+00   0.0000000e+00   0.0000000e+00   0.0000000e+00   0.0000000e+00   0.0000000e+00   0.0000000e+00   0.0000000e+00   2.1299898e-02   0.0000000e+00   0.0000000e+00   0.0000000e+00   0.0000000e+00   0.0000000e+00   0.0000000e+00   0.0000000e+00   0.0000000e+00   0.0000000e+00   0.0000000e+00   0.0000000e+00   3.2909056e-04   0.0000000e+00   9.4416945e-04   1.4564015e-04   1.9071730e-03   3.5630906e-04   0.0000000e+00   0.0000000e+00   0.0000000e+00   0.0000000e+00   0.0000000e+00   0.0000000e+00   0.0000000e+00   0.0000000e+00   0.0000000e+00   0.0000000e+00   0.0000000e+00   0.0000000e+00   9.9835829e-04   3.2403894e-04   1.0901801e-02   7.5021334e-04   0.0000000e+00   0.0000000e+00   0.0000000e+00   0.0000000e+00   0.0000000e+00   0.0000000e+00   0.0000000e+00   0.0000000e+00   0.0000000e+00   0.0000000e+00   1.5192542e-03   2.4942246e-04   3.5325711e-03   9.5733982e-05   0.0000000e+00   3.3325862e-04   3.2988399e-03   0.0000000e+00   8.2541328e-03   0.0000000e+00   7.7836635e-03   2.2826157e-03   1.2523140e-02   9.1501439e-04   8.5301794e-03   0.0000000e+00   5.0886101e-03   2.6432686e-03   7.2999623e-03   2.7687220e-03   2.3367950e-03   2.1100107e-03   0.0000000e+00   0.0000000e+00   0.0000000e+00   0.0000000e+00   0.0000000e+00   0.0000000e+00   0.0000000e+00   0.0000000e+00   0.0000000e+00   0.0000000e+00   0.0000000e+00   0.0000000e+00   2.8691229e-03   0.0000000e+00   0.0000000e+00   0.0000000e+00
   9.3062305e-03   2.2685187e-03   2.0442152e-03   1.1357782e-03   2.1133625e-02   0.0000000e+00   1.2871952e-03   0.0000000e+00   0.0000000e+00   3.4458098e-03   1.0046639e-03   0.0000000e+00   0.0000000e+00   0.0000000e+00   0.0000000e+00   0.0000000e+00   1.0755435e-03   0.0000000e+00   0.0000000e+00   0.0000000e+00   0.0000000e+00   0.0000000e+00   0.0000000e+00   0.0000000e+00   0.0000000e+00   0.0000000e+00   0.0000000e+00   0.0000000e+00   1.0163053e-02   0.0000000e+00   0.0000000e+00   0.0000000e+00   0.0000000e+00   0.0000000e+00   0.0000000e+00   0.0000000e+00   0.0000000e+00   0.0000000e+00   0.0000000e+00   0.0000000e+00   2.4949662e-04   0.0000000e+00   0.0000000e+00   0.0000000e+00   0.0000000e+00   2.3549552e-04   0.0000000e+00   0.0000000e+00   0.0000000e+00   2.7334414e-04   0.0000000e+00   0.0000000e+00   0.0000000e+00   0.0000000e+00   0.0000000e+00   0.0000000e+00   0.0000000e+00   0.0000000e+00   0.0000000e+00   1.2090359e-04   1.9979992e-03   0.0000000e+00   0.0000000e+00   0.0000000e+00   0.0000000e+00   0.0000000e+00   0.0000000e+00   0.0000000e+00   0.0000000e+00   2.2606117e-04   0.0000000e+00   0.0000000e+00   1.1358486e-03   0.0000000e+00   1.4944316e-03   1.9906081e-04   0.0000000e+00   0.0000000e+00   6.9221850e-03   0.0000000e+00   7.6666680e-04   0.0000000e+00   6.3620852e-03   4.5151846e-04   3.0060260e-03   5.3578773e-04   1.0843835e-03   0.0000000e+00   3.4699799e-04   0.0000000e+00   3.4037686e-04   3.0185493e-04   0.0000000e+00   0.0000000e+00   0.0000000e+00   0.0000000e+00   0.0000000e+00   0.0000000e+00   0.0000000e+00   0.0000000e+00   0.0000000e+00   0.0000000e+00   0.0000000e+00   0.0000000e+00   0.0000000e+00   0.0000000e+00   6.4790772e-04   0.0000000e+00   0.0000000e+00   0.0000000e+00
   6.2167554e-03   4.6642337e-04   4.7957346e-03   0.0000000e+00   0.0000000e+00   1.2871952e-03   0.0000000e+00   0.0000000e+00   0.0000000e+00   1.9722174e-03   0.0000000e+00   0.0000000e+00   0.0000000e+00   3.4128674e-03   0.0000000e+00   0.0000000e+00   0.0000000e+00   0.0000000e+00   0.0000000e+00   0.0000000e+00   0.0000000e+00   0.0000000e+00   0.0000000e+00   0.0000000e+00   0.0000000e+00   0.0000000e+00   0.0000000e+00   0.0000000e+00   9.2906083e-04   0.0000000e+00   0.0000000e+00   0.0000000e+00   0.0000000e+00   0.0000000e+00   0.0000000e+00   0.0000000e+00   0.0000000e+00   0.0000000e+00   0.0000000e+00   0.0000000e+00   0.0000000e+00   0.0000000e+00   0.0000000e+00   0.0000000e+00   0.0000000e+00   0.0000000e+00   0.0000000e+00   0.0000000e+00   0.0000000e+00   0.0000000e+00   0.0000000e+00   0.0000000e+00   0.0000000e+00   0.0000000e+00   0.0000000e+00   0.0000000e+00   0.0000000e+00   0.0000000e+00   0.0000000e+00   0.0000000e+00   0.0000000e+00   0.0000000e+00   0.0000000e+00   1.7859470e-03   0.0000000e+00   0.0000000e+00   8.8725047e-03   2.8584258e-03   3.8488820e-04   9.4111114e-04   2.0457050e-04   1.2479522e-03   0.0000000e+00   0.0000000e+00   0.0000000e+00   0.0000000e+00   0.0000000e+00   0.0000000e+00   7.5841936e-04   0.0000000e+00   0.0000000e+00   0.0000000e+00   0.0000000e+00   0.0000000e+00   0.0000000e+00   0.0000000e+00   0.0000000e+00   0.0000000e+00   0.0000000e+00   0.0000000e+00   0.0000000e+00   0.0000000e+00   0.0000000e+00   0.0000000e+00   0.0000000e+00   0.0000000e+00   0.0000000e+00   0.0000000e+00   0.0000000e+00   0.0000000e+00   0.0000000e+00   0.0000000e+00   0.0000000e+00   0.0000000e+00   0.0000000e+00   0.0000000e+00   0.0000000e+00   0.0000000e+00   0.0000000e+00   0.0000000e+00
   8.5392384e-03   5.3222561e-04   7.9583854e-04   1.3033520e-04   0.0000000e+00   0.0000000e+00   0.0000000e+00   0.0000000e+00   8.4253473e-03   1.0099846e-02   1.9919519e-03   5.4255294e-03   5.3823062e-03   1.1244888e-03   0.0000000e+00   5.4896218e-04   1.7207628e-03   2.6144859e-03   0.0000000e+00   2.3531654e-03   0.0000000e+00   9.6032458e-04   0.0000000e+00   1.9343738e-02   0.0000000e+00   1.4308724e-02   5.5037091e-04   3.1480769e-04   0.0000000e+00   7.4972572e-03   0.0000000e+00   0.0000000e+00   0.0000000e+00   0.0000000e+00   0.0000000e+00   0.0000000e+00   0.0000000e+00   0.0000000e+00   0.0000000e+00   0.0000000e+00   0.0000000e+00   3.1627502e-04   0.0000000e+00   0.0000000e+00   0.0000000e+00   0.0000000e+00   5.4227476e-04   0.0000000e+00   0.0000000e+00   0.0000000e+00   0.0000000e+00   0.0000000e+00   0.0000000e+00   0.0000000e+00   0.0000000e+00   0.0000000e+00   0.0000000e+00   0.0000000e+00   0.0000000e+00   0.0000000e+00   0.0000000e+00   1.2653765e-03   0.0000000e+00   0.0000000e+00   2.4697147e-04   0.0000000e+00   0.0000000e+00   2.3780579e-04   0.0000000e+00   0.0000000e+00   0.0000000e+00   0.0000000e+00   0.0000000e+00   9.9546549e-04   0.0000000e+00   6.1977954e-04   0.0000000e+00   2.3301363e-04   0.0000000e+00   2.9545448e-03   0.0000000e+00   1.8105988e-03   0.0000000e+00   0.0000000e+00   3.2443967e-04   1.3351468e-03   0.0000000e+00   6.8348505e-04   0.0000000e+00   0.0000000e+00   0.0000000e+00   0.0000000e+00   0.0000000e+00   0.0000000e+00   0.0000000e+00   3.1399797e-03   0.0000000e+00   0.0000000e+00   0.0000000e+00   0.0000000e+00   0.0000000e+00   4.1195466e-04   0.0000000e+00   0.0000000e+00   0.0000000e+00   0.0000000e+00   0.0000000e+00   8.0622809e-04   0.0000000e+00   0.0000000e+00
   1.0399657e-03   1.6248443e-02   0.0000000e+00   0.0000000e+00   0.0000000e+00   0.0000000e+00   0.0000000e+00   8.4253473e-03   0.0000000e+00   1.2821857e-03   4.4034476e-03   0.0000000e+00   0.0000000e+00   7.9564754e-04   1.5361906e-03   6.9138469e-04   0.0000000e+00   5.8288960e-04   3.2219412e-04   0.0000000e+00   0.0000000e+00   4.6498938e-04   0.0000000e+00   1.7561268e-03   0.0000000e+00   6.6631845e-04   0.0000000e+00   0.0000000e+00   0.0000000e+00   0.0000000e+00   0.0000000e+00   0.0000000e+00   0.0000000e+00   0.0000000e+00   0.0000000e+00   0.0000000e+00   0.0000000e+00   0.0000000e+00   0.0000000e+00   0.0000000e+00   0.0000000e+00   0.0000000e+00   0.0000000e+00   0.0000000e+00   0.0000000e+00   0.0000000e+00   0.0000000e+00   0.0000000e+00   0.0000000e+00   0.0000000e+00   0.0000000e+00   0.0000000e+00   0.0000000e+00   0.0000000e+00   0.0000000e+00   0.0000000e+00   0.0000000e+00   0.0000000e+00   0.0000000e+00   0.0000000e+00   0.0000000e+00   0.0000000e+00   1.2672649e-03   4.3519773e-03   0.0000000e+00   0.0000000e+00   0.0000000e+00   0.0000000e+00   1.7761331e-03   4.5877423e-04   0.0000000e+00   0.0000000e+00   0.0000000e+00   1.9831027e-04   0.0000000e+00   0.0000000e+00   0.0000000e+00   0.0000000e+00   0.0000000e+00   2.6122271e-04   0.0000000e+00   0.0000000e+00   0.0000000e+00   0.0000000e+00   0.0000000e+00   0.0000000e+00   0.0000000e+00   0.0000000e+00   0.0000000e+00   0.0000000e+00   0.0000000e+00   0.0000000e+00   0.0000000e+00   0.0000000e+00   0.0000000e+00   0.0000000e+00   0.0000000e+00   0.0000000e+00   0.0000000e+00   0.0000000e+00   0.0000000e+00   0.0000000e+00   0.0000000e+00   0.0000000e+00   0.0000000e+00   0.0000000e+00   0.0000000e+00   0.0000000e+00   0.0000000e+00   0.0000000e+00
   2.7453305e-04   0.0000000e+00   8.5614271e-03   9.3677210e-04   1.6534641e-03   3.4458098e-03   1.9722174e-03   1.0099846e-02   1.2821857e-03   0.0000000e+00   9.3477647e-03   6.2569676e-04   9.1692714e-04   8.3584814e-03   0.0000000e+00   1.1894224e-03   6.3775297e-03   2.3605645e-02   0.0000000e+00   1.4860082e-04   0.0000000e+00   4.8801621e-04   0.0000000e+00   2.5292110e-02   0.0000000e+00   1.5118889e-02   1.4015298e-04   9.7355762e-04   0.0000000e+00   8.4897526e-03   0.0000000e+00   0.0000000e+00   0.0000000e+00   1.3911976e-04   0.0000000e+00   0.0000000e+00   0.0000000e+00   0.0000000e+00   0.0000000e+00   0.0000000e+00   0.0000000e+00   0.0000000e+00   0.0000000e+00   0.0000000e+00   0.0000000e+00   0.0000000e+00   1.4313059e-04   1.1330095e-03   0.0000000e+00   2.0994254e-03   0.0000000e+00   0.0000000e+00   0.0000000e+00   0.0000000e+00   0.0000000e+00   0.0000000e+00   0.0000000e+00   5.6331497e-04   0.0000000e+00   0.0000000e+00   0.0000000e+00   0.0000000e+00   6.0801319e-04   3.7910369e-03   0.0000000e+00   0.0000000e+00   5.5727856e-03   2.6844763e-03   0.0000000e+00   0.0000000e+00   0.0000000e+00   0.0000000e+00   0.0000000e+00   0.0000000e+00   6.5661633e-04   1.7800752e-03   2.5092482e-04   0.0000000e+00   5.1801468e-03   2.3535870e-02   0.0000000e+00   0.0000000e+00   0.0000000e+00   0.0000000e+00   0.0000000e+00   0.0000000e+00   0.0000000e+00   0.0000000e+00   0.0000000e+00   0.0000000e+00   0.0000000e+00   0.0000000e+00   0.0000000e+00   0.0000000e+00   0.0000000e+00   4.3671143e-02   0.0000000e+00   9.1209233e-04   0.0000000e+00   3.7646075e-04   0.0000000e+00   8.0741032e-03   0.0000000e+00   0.0000000e+00   0.0000000e+00   1.9121309e-03   0.0000000e+00   0.0000000e+00   0.0000000e+00   0.0000000e+00
   0.0000000e+00   0.0000000e+00   1.9262641e-03   0.0000000e+00   4.0943919e-04   1.0046639e-03   0.0000000e+00   1.9919519e-03   4.4034476e-03   9.3477647e-03   0.0000000e+00   0.0000000e+00   0.0000000e+00   7.0607711e-03   0.0000000e+00   3.4440487e-04   1.7104341e-03   2.5569531e-03   0.0000000e+00   4.3627801e-04   0.0000000e+00   3.6784013e-04   0.0000000e+00   9.6698662e-03   0.0000000e+00   8.5104450e-03   4.6916322e-04   1.1858156e-03   0.0000000e+00   1.4743310e-03   0.0000000e+00   0.0000000e+00   0.0000000e+00   0.0000000e+00   0.0000000e+00   0.0000000e+00   0.0000000e+00   0.0000000e+00   0.0000000e+00   0.0000000e+00   0.0000000e+00   0.0000000e+00   0.0000000e+00   0.0000000e+00   0.0000000e+00   0.0000000e+00   0.0000000e+00   0.0000000e+00   0.0000000e+00   0.0000000e+00   0.0000000e+00   0.0000000e+00   0.0000000e+00   0.0000000e+00   0.0000000e+00   0.0000000e+00   0.0000000e+00   0.0000000e+00   0.0000000e+00   0.0000000e+00   0.0000000e+00   0.0000000e+00   0.0000000e+00   0.0000000e+00   0.0000000e+00   0.0000000e+00   9.4669703e-04   0.0000000e+00   0.0000000e+00   0.0000000e+00   0.0000000e+00   0.0000000e+00   0.0000000e+00   0.0000000e+00   0.0000000e+00   0.0000000e+00   0.0000000e+00   0.0000000e+00   0.0000000e+00   1.7377887e-03   0.0000000e+00   0.0000000e+00   4.4912099e-04   0.0000000e+00   0.0000000e+00   0.0000000e+00   0.0000000e+00   0.0000000e+00   0.0000000e+00   0.0000000e+00   0.0000000e+00   0.0000000e+00   0.0000000e+00   0.0000000e+00   0.0000000e+00   2.8874681e-03   0.0000000e+00   0.0000000e+00   0.0000000e+00   0.0000000e+00   0.0000000e+00   0.0000000e+00   0.0000000e+00   0.0000000e+00   0.0000000e+00   0.0000000e+00   0.0000000e+00   0.0000000e+00   0.0000000e+00   0.0000000e+00
   2.2056645e-03   0.0000000e+00   0.0000000e+00   0.0000000e+00   1.0752470e-03   0.0000000e+00   0.0000000e+00   5.4255294e-03   0.0000000e+00   6.2569676e-04   0.0000000e+00   0.0000000e+00   6.3910903e-03   0.0000000e+00   0.0000000e+00   0.0000000e+00   7.5265705e-04   0.0000000e+00   0.0000000e+00   0.0000000e+00   0.0000000e+00   0.0000000e+00   0.0000000e+00   0.0000000e+00   0.0000000e+00   0.0000000e+00   0.0000000e+00   0.0000000e+00   0.0000000e+00   1.2288302e-02   0.0000000e+00   0.0000000e+00   0.0000000e+00   0.0000000e+00   0.0000000e+00   0.0000000e+00   0.0000000e+00   0.0000000e+00   0.0000000e+00   0.0000000e+00   0.0000000e+00   2.9465147e-03   0.0000000e+00   0.0000000e+00   0.0000000e+00   4.7468016e-04   0.0000000e+00   0.0000000e+00   0.0000000e+00   0.0000000e+00   0.0000000e+00   0.0000000e+00   0.0000000e+00   0.0000000e+00   0.0000000e+00   0.0000000e+00   0.0000000e+00   0.0000000e+00   0.0000000e+00   1.2266558e-03   1.7030753e-04   5.6704886e-03   0.0000000e+00   0.0000000e+00   0.0000000e+00   0.0000000e+00   0.0000000e+00   0.0000000e+00   0.0000000e+00   0.0000000e+00   0.0000000e+00   0.0000000e+00   1.6424949e-04   2.8095382e-03   5.3672105e-05   3.4301218e-03   0.0000000e+00   0.0000000e+00   1.0828989e-04   1.4541230e-04   0.0000000e+00   5.8134604e-03   1.6912964e-03   1.1667530e-02   4.4786513e-04   7.1905259e-03   0.0000000e+00   2.2668776e-03   2.1294651e-04   4.1282980e-03   0.0000000e+00   1.3324153e-03   0.0000000e+00   1.1706985e-03   0.0000000e+00   0.0000000e+00   0.0000000e+00   0.0000000e+00   0.0000000e+00   7.2163324e-04   0.0000000e+00   1.4746350e-03   0.0000000e+00   0.0000000e+00   0.0000000e+00   0.0000000e+00   0.0000000e+00   2.1538774e-03   0.0000000e+00   0.0000000e+00
   7.8163973e-04   0.0000000e+00   3.4637426e-03   0.0000000e+00   4.2666994e-04   0.0000000e+00   0.0000000e+00   5.3823062e-03   0.0000000e+00   9.1692714e-04   0.0000000e+00   6.3910903e-03   0.0000000e+00   2.3624629e-03   0.0000000e+00   0.0000000e+00   9.5221902e-03   8.8067377e-04   0.0000000e+00   0.0000000e+00   0.0000000e+00   0.0000000e+00   0.0000000e+00   0.0000000e+00   0.0000000e+00   0.0000000e+00   0.0000000e+00   0.0000000e+00   0.0000000e+00   1.2414508e-02   0.0000000e+00   0.0000000e+00   0.0000000e+00   0.0000000e+00   0.0000000e+00   0.0000000e+00   0.0000000e+00   0.0000000e+00   0.0000000e+00   0.0000000e+00   0.0000000e+00   0.0000000e+00   0.0000000e+00   0.0000000e+00   0.0000000e+00   0.0000000e+00   0.0000000e+00   0.0000000e+00   0.0000000e+00   0.0000000e+00   0.0000000e+00   0.0000000e+00   0.0000000e+00   0.0000000e+00   0.0000000e+00   0.0000000e+00   0.0000000e+00   0.0000000e+00   0.0000000e+00   0.0000000e+00   0.0000000e+00   0.0000000e+00   0.0000000e+00   0.0000000e+00   0.0000000e+00   0.0000000e+00   4.0007216e-03   1.9664791e-03   0.0000000e+00   0.0000000e+00   0.0000000e+00   0.0000000e+00   0.0000000e+00   4.0063162e-04   0.0000000e+00   0.0000000e+00   0.0000000e+00   0.0000000e+00   4.0913070e-03   4.7301436e-03   0.0000000e+00   2.8603990e-03   1.8082501e-03   4.3891775e-03   0.0000000e+00   1.4166063e-03   0.0000000e+00   6.7196387e-04   0.0000000e+00   4.4513337e-04   0.0000000e+00   0.0000000e+00   0.0000000e+00   2.8628058e-04   0.0000000e+00   0.0000000e+00   0.0000000e+00   0.0000000e+00   0.0000000e+00   0.0000000e+00   0.0000000e+00   0.0000000e+00   0.0000000e+00   0.0000000e+00   0.0000000e+00   0.0000000e+00   0.0000000e+00   0.0000000e+00   0.0000000e+00   0.0000000e+00
   0.0000000e+00   6.2054031e-04   0.0000000e+00   0.0000000e+00   0.0000000e+00   0.0000000e+00   3.4128674e-03   1.1244888e-03   7.9564754e-04   8.3584814e-03   7.0607711e-03   0.0000000e+00   2.3624629e-03   0.0000000e+00   1.5828854e-03   5.1305542e-04   0.0000000e+00   1.5087295e-03   0.0000000e+00   0.0000000e+00   0.0000000e+00   0.0000000e+00   0.0000000e+00   0.0000000e+00   0.0000000e+00   0.0000000e+00   0.0000000e+00   0.0000000e+00   0.0000000e+00   0.0000000e+00   0.0000000e+00   0.0000000e+00   0.0000000e+00   0.0000000e+00   0.0000000e+00   0.0000000e+00   0.0000000e+00   0.0000000e+00   0.0000000e+00   0.0000000e+00   0.0000000e+00   0.0000000e+00   0.0000000e+00   0.0000000e+00   0.0000000e+00   0.0000000e+00   0.0000000e+00   0.0000000e+00   0.0000000e+00   0.0000000e+00   0.0000000e+00   0.0000000e+00   0.0000000e+00   0.0000000e+00   0.0000000e+00   0.0000000e+00   0.0000000e+00   0.0000000e+00   0.0000000e+00   0.0000000e+00   0.0000000e+00   0.0000000e+00   2.6078741e-03   1.1554371e-02   0.0000000e+00   0.0000000e+00   1.4274092e-03   7.3545454e-03   1.5725868e-03   8.3711087e-04   0.0000000e+00   3.4239814e-04   0.0000000e+00   0.0000000e+00   0.0000000e+00   0.0000000e+00   0.0000000e+00   0.0000000e+00   0.0000000e+00   4.3552985e-04   0.0000000e+00   0.0000000e+00   0.0000000e+00   0.0000000e+00   0.0000000e+00   0.0000000e+00   0.0000000e+00   0.0000000e+00   0.0000000e+00   0.0000000e+00   0.0000000e+00   0.0000000e+00   0.0000000e+00   0.0000000e+00   0.0000000e+00   0.0000000e+00   0.0000000e+00   0.0000000e+00   0.0000000e+00   0.0000000e+00   0.0000000e+00   0.0000000e+00   0.0000000e+00   0.0000000e+00   0.0000000e+00   0.0000000e+00   0.0000000e+00   0.0000000e+00   0.0000000e+00   0.0000000e+00
   2.5349136e-03   4.0967341e-04   2.3096819e-03   8.6760685e-04   0.0000000e+00   0.0000000e+00   0.0000000e+00   0.0000000e+00   1.5361906e-03   0.0000000e+00   0.0000000e+00   0.0000000e+00   0.0000000e+00   1.5828854e-03   0.0000000e+00   2.2242562e-03   9.3901708e-04   0.0000000e+00   4.6855598e-03   7.5683858e-04   3.9068503e-03   8.7730549e-05   2.7350638e-03   0.0000000e+00   1.6881225e-04   0.0000000e+00   1.4472906e-04   0.0000000e+00   8.5943583e-04   0.0000000e+00   0.0000000e+00   0.0000000e+00   0.0000000e+00   0.0000000e+00   0.0000000e+00   0.0000000e+00   0.0000000e+00   0.0000000e+00   0.0000000e+00   0.0000000e+00   0.0000000e+00   0.0000000e+00   0.0000000e+00   0.0000000e+00   0.0000000e+00   0.0000000e+00   0.0000000e+00   0.0000000e+00   0.0000000e+00   0.0000000e+00   0.0000000e+00   0.0000000e+00   0.0000000e+00   0.0000000e+00   0.0000000e+00   0.0000000e+00   3.0549882e-04   0.0000000e+00   6.2162844e-05   0.0000000e+00   0.0000000e+00   0.0000000e+00   7.2359707e-04   2.2284691e-03   0.0000000e+00   0.0000000e+00   0.0000000e+00   0.0000000e+00   2.6327117e-03   5.3894085e-03   0.0000000e+00   1.2374893e-04   0.0000000e+00   0.0000000e+00   1.0836619e-04   0.0000000e+00   0.0000000e+00   0.0000000e+00   4.0592791e-03   0.0000000e+00   0.0000000e+00   0.0000000e+00   0.0000000e+00   0.0000000e+00   0.0000000e+00   0.0000000e+00   0.0000000e+00   0.0000000e+00   0.0000000e+00   0.0000000e+00   0.0000000e+00   0.0000000e+00   0.0000000e+00   0.0000000e+00   8.2390853e-05   0.0000000e+00   0.0000000e+00   0.0000000e+00   9.9709857e-05   0.0000000e+00   1.3519082e-03   0.0000000e+00   8.2447016e-05   0.0000000e+00   0.0000000e+00   0.0000000e+00   0.0000000e+00   0.0000000e+00   2.2527757e-04   0.0000000e+00
   2.9528251e-04   0.0000000e+00   9.8366770e-05   0.0000000e+00   0.0000000e+00   0.0000000e+00   0.0000000e+00   5.4896218e-04   6.9138469e-04   1.1894224e-03   3.4440487e-04   0.0000000e+00   0.0000000e+00   5.1305542e-04   2.2242562e-03   0.0000000e+00   0.0000000e+00   5.1028749e-05   1.9383371e-03   1.3197716e-03   3.2126211e-04   2.8587556e-03   0.0000000e+00   2.5278952e-03   0.0000000e+00   0.0000000e+00   0.0000000e+00   0.0000000e+00   7.4270038e-05   1.8575442e-04   0.0000000e+00   0.0000000e+00   0.0000000e+00   0.0000000e+00   0.0000000e+00   0.0000000e+00   0.0000000e+00   0.0000000e+00   0.0000000e+00   6.7390251e-05   0.0000000e+00   0.0000000e+00   0.0000000e+00   0.0000000e+00   0.0000000e+00   0.0000000e+00   0.0000000e+00   0.0000000e+00   0.0000000e+00   0.0000000e+00   0.0000000e+00   0.0000000e+00   0.0000000e+00   0.0000000e+00   0.0000000e+00   0.0000000e+00   0.0000000e+00   0.0000000e+00   0.0000000e+00   0.0000000e+00   0.0000000e+00   0.0000000e+00   8.7245565e-05   7.3036541e-04   0.0000000e+00   0.0000000e+00   0.0000000e+00   3.6228182e-05   2.3386384e-03   1.5865561e-03   3.2319359e-04   9.7333495e-04   0.0000000e+00   7.9655723e-05   0.0000000e+00   0.0000000e+00   0.0000000e+00   0.0000000e+00   0.0000000e+00   4.3261187e-03   0.0000000e+00   0.0000000e+00   0.0000000e+00   0.0000000e+00   0.0000000e+00   0.0000000e+00   0.0000000e+00   0.0000000e+00   0.0000000e+00   0.0000000e+00   0.0000000e+00   0.0000000e+00   0.0000000e+00   0.0000000e+00   0.0000000e+00   2.6243841e-04   0.0000000e+00   0.0000000e+00   0.0000000e+00   0.0000000e+00   0.0000000e+00   0.0000000e+00   0.0000000e+00   0.0000000e+00   0.0000000e+00   0.0000000e+00   0.0000000e+00   0.0000000e+00   0.0000000e+00   0.0000000e+00
   2.9002162e-03   0.0000000e+00   6.5002546e-03   0.0000000e+00   0.0000000e+00   1.0755435e-03   0.0000000e+00   1.7207628e-03   0.0000000e+00   6.3775297e-03   1.7104341e-03   7.5265705e-04   9.5221902e-03   0.0000000e+00   9.3901708e-04   0.0000000e+00   0.0000000e+00   3.8099618e-04   0.0000000e+00   0.0000000e+00   0.0000000e+00   0.0000000e+00   1.6232535e-02   0.0000000e+00   1.1703685e-02   0.0000000e+00   6.4886138e-04   0.0000000e+00   1.1784911e-02   1.3331317e-03   1.1641044e-03   0.0000000e+00   1.8361566e-04   0.0000000e+00   0.0000000e+00   0.0000000e+00   0.0000000e+00   0.0000000e+00   0.0000000e+00   0.0000000e+00   0.0000000e+00   0.0000000e+00   0.0000000e+00   0.0000000e+00   0.0000000e+00   0.0000000e+00   0.0000000e+00   0.0000000e+00   0.0000000e+00   0.0000000e+00   0.0000000e+00   0.0000000e+00   0.0000000e+00   0.0000000e+00   0.0000000e+00   0.0000000e+00   4.9781477e-04   0.0000000e+00   3.2201137e-04   0.0000000e+00   0.0000000e+00   0.0000000e+00   2.0378384e-03   2.3223151e-04   0.0000000e+00   0.0000000e+00   7.9952654e-04   2.2768034e-03   0.0000000e+00   0.0000000e+00   0.0000000e+00   0.0000000e+00   0.0000000e+00   0.0000000e+00   0.0000000e+00   1.1784415e-04   0.0000000e+00   0.0000000e+00   1.5177666e-02   4.7746206e-03   0.0000000e+00   4.7125862e-03   0.0000000e+00   4.3748738e-04   0.0000000e+00   0.0000000e+00   0.0000000e+00   0.0000000e+00   0.0000000e+00   1.1829210e-04   0.0000000e+00   0.0000000e+00   0.0000000e+00   5.9379361e-04   3.0833700e-02   0.0000000e+00   1.9242507e-02   0.0000000e+00   6.3375749e-03   0.0000000e+00   1.4876036e-02   0.0000000e+00   9.9294362e-03   0.0000000e+00   4.6370133e-03   0.0000000e+00   0.0000000e+00   0.0000000e+00   6.2766632e-04   0.0000000e+00
   0.0000000e+00   0.0000000e+00   3.5900815e-04   0.0000000e+00   0.0000000e+00   0.0000000e+00   0.0000000e+00   2.6144859e-03   5.8288960e-04   2.3605645e-02   2.5569531e-03   0.0000000e+00   8.8067377e-04   1.5087295e-03   0.0000000e+00   5.1028749e-05   3.8099618e-04   0.0000000e+00   0.0000000e+00   0.0000000e+00   0.0000000e+00   0.0000000e+00   0.0000000e+00   4.9770737e-04   0.0000000e+00   4.1547367e-03   1.0875634e-04   9.7843604e-04   0.0000000e+00   1.1010167e-02   0.0000000e+00   1.3786057e-03   0.0000000e+00   1.0486568e-03   0.0000000e+00   0.0000000e+00   0.0000000e+00   1.9856322e-04   0.0000000e+00   3.0624249e-04   0.0000000e+00   0.0000000e+00   0.0000000e+00   0.0000000e+00   0.0000000e+00   0.0000000e+00   0.0000000e+00   6.6316460e-04   1.7716170e-04   1.2236294e-03   0.0000000e+00   0.0000000e+00   0.0000000e+00   2.1461218e-04   0.0000000e+00   2.2838615e-04   1.4433786e-04   5.2668725e-04   0.0000000e+00   0.0000000e+00   2.5832013e-03   7.6808202e-03   0.0000000e+00   0.0000000e+00   0.0000000e+00   0.0000000e+00   0.0000000e+00   3.6556860e-04   0.0000000e+00   0.0000000e+00   1.5061548e-04   0.0000000e+00   6.8995425e-04   3.0817435e-03   1.1993677e-03   2.8037790e-03   2.8044958e-03   3.2210377e-04   1.3982129e-04   8.4183917e-03   0.0000000e+00   0.0000000e+00   0.0000000e+00   0.0000000e+00   9.2273849e-04   2.1699757e-03   0.0000000e+00   0.0000000e+00   0.0000000e+00   0.0000000e+00   0.0000000e+00   0.0000000e+00   0.0000000e+00   0.0000000e+00   0.0000000e+00   1.8096081e-02   0.0000000e+00   1.4297402e-02   0.0000000e+00   2.1575163e-03   0.0000000e+00   1.7527211e-02   0.0000000e+00   8.8678523e-03   0.0000000e+00   3.9001455e-03   1.6424586e-03   6.3000587e-04   0.0000000e+00   0.0000000e+00
   6.1311727e-03   0.0000000e+00   7.0895423e-04   1.3690064e-04   0.0000000e+00   0.0000000e+00   0.0000000e+00   0.0000000e+00   3.2219412e-04   0.0000000e+00   0.0000000e+00   0.0000000e+00   0.0000000e+00   0.0000000e+00   4.6855598e-03   1.9383371e-03   0.0000000e+00   0.0000000e+00   0.0000000e+00   9.8757133e-03   1.3364997e-02   8.5003590e-04   1.2934111e-04   0.0000000e+00   0.0000000e+00   0.0000000e+00   1.1596877e-03   3.3835913e-03   0.0000000e+00   0.0000000e+00   0.0000000e+00   0.0000000e+00   6.8357839e-04   0.0000000e+00   0.0000000e+00   0.0000000e+00   1.9862670e-04   0.0000000e+00   1.5697394e-04   0.0000000e+00   0.0000000e+00   0.0000000e+00   0.0000000e+00   0.0000000e+00   0.0000000e+00   0.0000000e+00   0.0000000e+00   0.0000000e+00   0.0000000e+00   0.0000000e+00   0.0000000e+00   0.0000000e+00   0.0000000e+00   0.0000000e+00   0.0000000e+00   0.0000000e+00   0.0000000e+00   0.0000000e+00   0.0000000e+00   0.0000000e+00   0.0000000e+00   0.0000000e+00   0.0000000e+00   0.0000000e+00   1.1058934e-02   3.9301827e-03   0.0000000e+00   0.0000000e+00   6.9480934e-03   7.7816722e-03   1.6387874e-03   2.1603788e-04   0.0000000e+00   1.2251401e-04   0.0000000e+00   0.0000000e+00   0.0000000e+00   0.0000000e+00   0.0000000e+00   0.0000000e+00   0.0000000e+00   0.0000000e+00   0.0000000e+00   0.0000000e+00   0.0000000e+00   0.0000000e+00   0.0000000e+00   0.0000000e+00   0.0000000e+00   0.0000000e+00   0.0000000e+00   0.0000000e+00   0.0000000e+00   0.0000000e+00   0.0000000e+00   0.0000000e+00   0.0000000e+00   0.0000000e+00   0.0000000e+00   0.0000000e+00   0.0000000e+00   0.0000000e+00   0.0000000e+00   0.0000000e+00   2.9600988e-04   0.0000000e+00   0.0000000e+00   0.0000000e+00   0.0000000e+00   0.0000000e+00
   0.0000000e+00   0.0000000e+00   0.0000000e+00   0.0000000e+00   0.0000000e+00   0.0000000e+00   0.0000000e+00   2.3531654e-03   0.0000000e+00   1.4860082e-04   4.3627801e-04   0.0000000e+00   0.0000000e+00   0.0000000e+00   7.5683858e-04   1.3197716e-03   0.0000000e+00   0.0000000e+00   9.8757133e-03   0.0000000e+00   2.4843341e-03   1.6547344e-02   0.0000000e+00   0.0000000e+00   0.0000000e+00   1.7910362e-03   1.8760825e-03   4.4222762e-03   0.0000000e+00   0.0000000e+00   0.0000000e+00   0.0000000e+00   0.0000000e+00   0.0000000e+00   0.0000000e+00   0.0000000e+00   0.0000000e+00   0.0000000e+00   1.8344925e-04   1.1029877e-04   0.0000000e+00   0.0000000e+00   0.0000000e+00   0.0000000e+00   0.0000000e+00   0.0000000e+00   0.0000000e+00   0.0000000e+00   0.0000000e+00   0.0000000e+00   0.0000000e+00   0.0000000e+00   0.0000000e+00   0.0000000e+00   0.0000000e+00   0.0000000e+00   0.0000000e+00   0.0000000e+00   0.0000000e+00   0.0000000e+00   0.0000000e+00   0.0000000e+00   0.0000000e+00   0.0000000e+00   9.1463409e-03   5.2536629e-03   0.0000000e+00   0.0000000e+00   6.2726004e-03   1.3540861e-03   0.0000000e+00   4.1537880e-04   0.0000000e+00   2.0899101e-04   0.0000000e+00   0.0000000e+00   0.0000000e+00   0.0000000e+00   0.0000000e+00   0.0000000e+00   0.0000000e+00   0.0000000e+00   0.0000000e+00   0.0000000e+00   0.0000000e+00   0.0000000e+00   0.0000000e+00   0.0000000e+00   0.0000000e+00   0.0000000e+00   0.0000000e+00   0.0000000e+00   0.0000000e+00   0.0000000e+00   0.0000000e+00   1.5170256e-04   0.0000000e+00   4.3393857e-04   1.1535644e-04   0.0000000e+00   0.0000000e+00   0.0000000e+00   0.0000000e+00   0.0000000e+00   0.0000000e+00   0.0000000e+00   0.0000000e+00   0.0000000e+00   0.0000000e+00   0.0000000e+00
   1.9833217e-03   0.0000000e+00   4.6538753e-04   0.0000000e+00   0.0000000e+00   0.0000000e+00   0.0000000e+00   0.0000000e+00   0.0000000e+00   0.0000000e+00   0.0000000e+00   0.0000000e+00   0.0000000e+00   0.0000000e+00   3.9068503e-03   3.2126211e-04   0.0000000e+00   0.0000000e+00   1.3364997e-02   2.4843341e-03   0.0000000e+00   1.3545003e-04   8.8079232e-04   0.0000000e+00   2.0781663e-03   0.0000000e+00   5.2725410e-03   7.8777421e-04   0.0000000e+00   0.0000000e+00   0.0000000e+00   0.0000000e+00   1.2452656e-03   0.0000000e+00   0.0000000e+00   0.0000000e+00   3.0843901e-04   0.0000000e+00   4.7864332e-04   0.0000000e+00   0.0000000e+00   0.0000000e+00   0.0000000e+00   0.0000000e+00   0.0000000e+00   0.0000000e+00   1.4675863e-04   0.0000000e+00   0.0000000e+00   0.0000000e+00   0.0000000e+00   0.0000000e+00   2.1675745e-04   0.0000000e+00   2.5018044e-04   0.0000000e+00   0.0000000e+00   0.0000000e+00   0.0000000e+00   0.0000000e+00   0.0000000e+00   0.0000000e+00   0.0000000e+00   0.0000000e+00   2.0903299e-03   2.8290978e-04   0.0000000e+00   0.0000000e+00   0.0000000e+00   5.9677280e-04   0.0000000e+00   0.0000000e+00   0.0000000e+00   0.0000000e+00   0.0000000e+00   0.0000000e+00   0.0000000e+00   0.0000000e+00   0.0000000e+00   0.0000000e+00   0.0000000e+00   0.0000000e+00   0.0000000e+00   0.0000000e+00   0.0000000e+00   0.0000000e+00   0.0000000e+00   0.0000000e+00   0.0000000e+00   0.0000000e+00   0.0000000e+00   0.0000000e+00   0.0000000e+00   0.0000000e+00   0.0000000e+00   0.0000000e+00   1.4818741e-04   0.0000000e+00   1.1094104e-03   0.0000000e+00   0.0000000e+00   0.0000000e+00   0.0000000e+00   0.0000000e+00   1.3179189e-03   0.0000000e+00   0.0000000e+00   0.0000000e+00   0.0000000e+00   0.0000000e+00
   0.0000000e+00   0.0000000e+00   0.0000000e+00   0.0000000e+00   0.0000000e+00   0.0000000e+00   0.0000000e+00   9.6032458e-04   4.6498938e-04   4.8801621e-04   3.6784013e-04   0.0000000e+00   0.0000000e+00   0.0000000e+00   8.7730549e-05   2.8587556e-03   0.0000000e+00   0.0000000e+00   8.5003590e-04   1.6547344e-02   1.3545003e-04   0.0000000e+00   0.0000000e+00   1.5369267e-04   0.0000000e+00   4.4926771e-03   0.0000000e+00   7.8178700e-03   0.0000000e+00   0.0000000e+00   0.0000000e+00   0.0000000e+00   0.0000000e+00   0.0000000e+00   0.0000000e+00   0.0000000e+00   0.0000000e+00   0.0000000e+00   0.0000000e+00   9.9652776e-05   0.0000000e+00   0.0000000e+00   0.0000000e+00   0.0000000e+00   0.0000000e+00   0.0000000e+00   0.0000000e+00   0.0000000e+00   0.0000000e+00   0.0000000e+00   0.0000000e+00   0.0000000e+00   0.0000000e+00   1.1814195e-04   0.0000000e+00   8.7777646e-05   0.0000000e+00   0.0000000e+00   0.0000000e+00   0.0000000e+00   0.0000000e+00   0.0000000e+00   0.0000000e+00   0.0000000e+00   5.7433245e-04   2.0351551e-03   0.0000000e+00   0.0000000e+00   1.1837044e-03   0.0000000e+00   0.0000000e+00   0.0000000e+00   0.0000000e+00   0.0000000e+00   0.0000000e+00   0.0000000e+00   0.0000000e+00   0.0000000e+00   0.0000000e+00   0.0000000e+00   0.0000000e+00   0.0000000e+00   0.0000000e+00   0.0000000e+00   0.0000000e+00   0.0000000e+00   0.0000000e+00   0.0000000e+00   0.0000000e+00   0.0000000e+00   0.0000000e+00   0.0000000e+00   0.0000000e+00   0.0000000e+00   0.0000000e+00   1.6771563e-04   0.0000000e+00   5.6253116e-04   0.0000000e+00   0.0000000e+00   0.0000000e+00   0.0000000e+00   0.0000000e+00   0.0000000e+00   0.0000000e+00   0.0000000e+00   0.0000000e+00   0.0000000e+00   0.0000000e+00   0.0000000e+00
