   0.0000000e+00   1.4705153e-02   8.1126544e-03   1.1679416e-02   1.9093747e-03   4.9880353e-04   5.0491510e-03   4.9315649e-03   5.1569026e-04   7.6350809e-04   6.5057372e-04   3.0539625e-04   0.0000000e+00   0.0000000e+00   6.4427991e-03   0.0000000e+00   0.0000000e+00   0.0000000e+00   8.1568600e-03   0.0000000e+00   1.0342872e-03   0.0000000e+00   0.0000000e+00   0.0000000e+00   0.0000000e+00   0.0000000e+00   1.6929648e-03   2.1420098e-04   0.0000000e+00   0.0000000e+00   0.0000000e+00   0.0000000e+00   0.0000000e+00   0.0000000e+00   0.0000000e+00   0.0000000e+00   0.0000000e+00   0.0000000e+00   0.0000000e+00   0.0000000e+00   0.0000000e+00   0.0000000e+00   0.0000000e+00   0.0000000e+00   0.0000000e+00   0.0000000e+00   1.1323735e-03   2.4462811e-04   1.7970015e-03   0.0000000e+00   0.0000000e+00   0.0000000e+00   0.0000000e+00   0.0000000e+00   0.0000000e+00   0.0000000e+00   4.1196338e-04   0.0000000e+00   7.8146148e-04   0.0000000e+00   4.0482684e-03   8.3344290e-03   2.6292961e-04   0.0000000e+00   0.0000000e+00   0.0000000e+00   7.4014435e-04   0.0000000e+00   0.0000000e+00   0.0000000e+00   0.0000000e+00   0.0000000e+00   3.4416553e-03   3.7074522e-03   3.7679977e-03   4.8454343e-04   0.0000000e+00   5.0137182e-04   0.0000000e+00   0.0000000e+00   0.0000000e+00   0.0000000e+00   1.1275020e-04   0.0000000e+00   3.9518175e-03   3.2168080e-03   0.0000000e+00   0.0000000e+00   0.0000000e+00   0.0000000e+00   0.0000000e+00   0.0000000e+00   3.3203921e-04   0.0000000e+00   0.0000000e+00   0.0000000e+00   0.0000000e+00   0.0000000e+00   0.0000000e+00   0.0000000e+00   0.0000000e+00   0.0000000e+00   0.0000000e+00   0.0000000e+00   0.0000000e+00   0.0000000e+00   0.0000000e+00   0.0000000e+00   8.3408285e-04   3.0535861e-03
   1.4705153e-02   0.0000000e+00   4.9024215e-03   1.1734529e-03   7.2856955e-04   0.0000000e+00   0.0000000e+00   0.0000000e+00   1.0735146e-03   0.0000000e+00   0.0000000e+00   0.0000000e+00   0.0000000e+00   5.3992468e-04   3.3995732e-03   2.8005237e-04   0.0000000e+00   0.0000000e+00   0.0000000e+00   4.2986139e-04   0.0000000e+00   0.0000000e+00   0.0000000e+00   0.0000000e+00   0.0000000e+00   0.0000000e+00   5.0104316e-04   2.6854128e-04   0.0000000e+00   0.0000000e+00   0.0000000e+00   0.0000000e+00   0.0000000e+00   0.0000000e+00   0.0000000e+00   0.0000000e+00   0.0000000e+00   0.0000000e+00   0.0000000e+00   0.0000000e+00   0.0000000e+00   0.0000000e+00   0.0000000e+00   0.0000000e+00   0.0000000e+00   0.0000000e+00   2.4762810e-03   0.0000000e+00   3.8516727e-03   0.0000000e+00   3.1507193e-04   0.0000000e+00   6.1473856e-04   0.0000000e+00   0.0000000e+00   0.0000000e+00   1.1486644e-04   0.0000000e+00   6.9234357e-04   0.0000000e+00   1.2694739e-03   0.0000000e+00   4.9289027e-03   3.2324783e-03   0.0000000e+00   4.8804813e-04   2.1135780e-04   0.0000000e+00   1.6219421e-03   4.5562497e-04   2.3457576e-04   0.0000000e+00   1.6677185e-04   0.0000000e+00   0.0000000e+00   0.0000000e+00   0.0000000e+00   0.0000000e+00   1.9789066e-03   0.0000000e+00   0.0000000e+00   0.0000000e+00   0.0000000e+00   0.0000000e+00   3.5425159e-04   0.0000000e+00   0.0000000e+00   0.0000000e+00   0.0000000e+00   0.0000000e+00   0.0000000e+00   0.0000000e+00   0.0000000e+00   0.0000000e+00   0.0000000e+00   0.0000000e+00   0.0000000e+00   0.0000000e+00   0.0000000e+00   0.0000000e+00   0.0000000e+00   0.0000000e+00   0.0000000e+00   0.0000000e+00   0.0000000e+00   0.0000000e+00   0.0000000e+00   0.0000000e+00   5.2944608e-04   0.0000000e+00
   8.1126544e-03   4.9024215e-03   0.0000000e+00   6.2633695e-03   3.8215916e-03   8.0568179e-04   1.0293053e-02   7.6224522e-04   1.9178347e-03   2.0412370e-03   4.8408658e-03   0.0000000e+00   1.2903613e-03   1.9025307e-03   3.8230967e-03   9.1571487e-05   7.8459558e-03   0.0000000e+00   8.3484814e-04   0.0000000e+00   1.1368692e-03   0.0000000e+00   1.3779387e-03   0.0000000e+00   1.0516973e-03   0.0000000e+00   1.7733787e-04   0.0000000e+00   3.8650624e-03   0.0000000e+00   0.0000000e+00   0.0000000e+00   0.0000000e+00   0.0000000e+00   0.0000000e+00   0.0000000e+00   4.5394048e-04   0.0000000e+00   0.0000000e+00   0.0000000e+00   0.0000000e+00   0.0000000e+00   0.0000000e+00   0.0000000e+00   0.0000000e+00   0.0000000e+00   2.1023302e-03   0.0000000e+00   7.7748784e-03   0.0000000e+00   2.2136724e-03   0.0000000e+00   3.0823999e-03   0.0000000e+00   6.3504795e-04   0.0000000e+00   6.8604345e-03   0.0000000e+00   4.8757326e-03   0.0000000e+00   8.4951337e-03   1.7807690e-03   1.0640252e-02   2.9136532e-03   0.0000000e+00   0.0000000e+00   3.6247114e-03   7.6732382e-04   1.0874224e-03   0.0000000e+00   0.0000000e+00   0.0000000e+00   4.8883633e-04   0.0000000e+00   2.0092494e-03   0.0000000e+00   2.7675747e-03   0.0000000e+00   1.0149321e-02   0.0000000e+00   6.8223168e-04   0.0000000e+00   3.5939466e-04   0.0000000e+00   3.2675261e-03   0.0000000e+00   0.0000000e+00   0.0000000e+00   0.0000000e+00   0.0000000e+00   0.0000000e+00   0.0000000e+00   3.5314272e-03   0.0000000e+00   2.3831318e-03   0.0000000e+00   3.2524877e-03   0.0000000e+00   2.3018026e-03   0.0000000e+00   1.7614588e-03   0.0000000e+00   5.1085374e-03   0.0000000e+00   5.6790404e-03   0.0000000e+00   0.0000000e+00   0.0000000e+00   1.1309882e-02   1.3423122e-04
   1.1679416e-02   1.1734529e-03   6.2633695e-03   0.0000000e+00   4.0718871e-03   9.9814512e-04   0.0000000e+00   2.4700722e-03   7.9995905e-04   0.0000000e+00   2.1772696e-03   0.0000000e+00   0.0000000e+00   0.0000000e+00   1.6657649e-03   0.0000000e+00   3.2174121e-04   0.0000000e+00   1.2525845e-03   3.9701502e-04   1.5726776e-03   0.0000000e+00   0.0000000e+00   0.0000000e+00   0.0000000e+00   0.0000000e+00   7.9808001e-04   2.0079914e-04   2.0517378e-04   0.0000000e+00   0.0000000e+00   0.0000000e+00   0.0000000e+00   0.0000000e+00   0.0000000e+00   0.0000000e+00   0.0000000e+00   0.0000000e+00   0.0000000e+00   0.0000000e+00   0.0000000e+00   0.0000000e+00   0.0000000e+00   0.0000000e+00   0.0000000e+00   0.0000000e+00   2.9564338e-03   6.4968623e-04   9.3864702e-03   9.2103861e-04   1.4037207e-03   0.0000000e+00   2.2669568e-03   0.0000000e+00   0.0000000e+00   0.0000000e+00   6.3694450e-03   0.0000000e+00   3.6268502e-03   0.0000000e+00   6.6104408e-03   0.0000000e+00   0.0000000e+00   0.0000000e+00   1.2341679e-03   0.0000000e+00   0.0000000e+00   0.0000000e+00   0.0000000e+00   0.0000000e+00   0.0000000e+00   0.0000000e+00   7.3963168e-04   0.0000000e+00   1.5242253e-03   0.0000000e+00   1.2700782e-03   0.0000000e+00   1.4360364e-03   0.0000000e+00   0.0000000e+00   0.0000000e+00   3.9647798e-04   0.0000000e+00   3.2864418e-03   0.0000000e+00   0.0000000e+00   0.0000000e+00   0.0000000e+00   0.0000000e+00   0.0000000e+00   0.0000000e+00   1.0065175e-03   0.0000000e+00   0.0000000e+00   0.0000000e+00   0.0000000e+00   0.0000000e+00   0.0000000e+00   0.0000000e+00   0.0000000e+00   0.0000000e+00   0.0000000e+00   0.0000000e+00   0.0000000e+00   0.0000000e+00   0.0000000e+00   0.0000000e+00   2.7165600e-03   0.0000000e+00
   1.9093747e-03   7.2856955e-04   3.8215916e-03   4.0718871e-03   0.0000000e+00   3.1139111e-02   3.0696125e-03   0.0000000e+00   0.0000000e+00   0.0000000e+00   1.2904944e-03   0.0000000e+00   6.6838133e-04   0.0000000e+00   0.0000000e+00   0.0000000e+00   7.9786481e-04   7.0383782e-04   0.0000000e+00   0.0000000e+00   0.0000000e+00   0.0000000e+00   0.0000000e+00   0.0000000e+00   0.0000000e+00   0.0000000e+00   0.0000000e+00   0.0000000e+00   1.0453135e-02   0.0000000e+00   0.0000000e+00   0.0000000e+00   0.0000000e+00   0.0000000e+00   0.0000000e+00   0.0000000e+00   0.0000000e+00   0.0000000e+00   0.0000000e+00   0.0000000e+00   0.0000000e+00   0.0000000e+00   1.5741967e-04   0.0000000e+00   0.0000000e+00   0.0000000e+00   0.0000000e+00   9.8683938e-04   0.0000000e+00   1.5762843e-03   0.0000000e+00   0.0000000e+00   0.0000000e+00   0.0000000e+00   0.0000000e+00   0.0000000e+00   0.0000000e+00   2.6743597e-04   0.0000000e+00   0.0000000e+00   4.2434171e-03   2.3218364e-02   0.0000000e+00   0.0000000e+00   0.0000000e+00   0.0000000e+00   0.0000000e+00   0.0000000e+00   0.0000000e+00   0.0000000e+00   5.3742941e-04   0.0000000e+00   5.9439807e-03   3.7036540e-03   4.2751769e-03   2.3103135e-03   9.2631568e-04   4.2096413e-03   9.8096012e-04   0.0000000e+00   1.2452174e-02   0.0000000e+00   1.9406123e-02   0.0000000e+00   9.8787016e-03   2.1531113e-03   7.7563507e-04   0.0000000e+00   3.2157472e-03   0.0000000e+00   3.8765686e-04   0.0000000e+00   1.3056376e-04   0.0000000e+00   0.0000000e+00   0.0000000e+00   0.0000000e+00   0.0000000e+00   0.0000000e+00   0.0000000e+00   1.6050943e-03   0.0000000e+00   0.0000000e+00   0.0000000e+00   0.0000000e+00   0.0000000e+00   1.1622142e-03   5.9777640e-03   8.4272173e-04   8.1872255e-03
   4.9880353e-04   0.0000000e+00   8.0568179e-04   9.9814512e-04   3.1139111e-02   0.0000000e+00   0.0000000e+00   0.0000000e+00   0.0000000e+00   0.0000000e+00   2.4469310e-03   0.0000000e+00   2.1714283e-04   0.0000000e+00   0.0000000e+00   0.0000000e+00   1.2182879e-03   0.0000000e+00   0.0000000e+00   0.0000000e+00   0.0000000e+00   0.0000000e+00   0.0000000e+00   0.0000000e+00   0.0000000e+00   0.0000000e+00   0.0000000e+00   1.3868857e-04   8.8969271e-03   0.0000000e+00   0.0000000e+00   0.0000000e+00   0.0000000e+00   0.0000000e+00   0.0000000e+00   0.0000000e+00   0.0000000e+00   0.0000000e+00   0.0000000e+00   0.0000000e+00   0.0000000e+00   0.0000000e+00   0.0000000e+00   0.0000000e+00   0.0000000e+00   0.0000000e+00   0.0000000e+00   7.4090564e-04   0.0000000e+00   7.5130943e-04   0.0000000e+00   0.0000000e+00   0.0000000e+00   0.0000000e+00   0.0000000e+00   0.0000000e+00   0.0000000e+00   0.0000000e+00   0.0000000e+00   0.0000000e+00   1.4589579e-03   0.0000000e+00   0.0000000e+00   0.0000000e+00   0.0000000e+00   0.0000000e+00   0.0000000e+00   0.0000000e+00   0.0000000e+00   0.0000000e+00   0.0000000e+00   0.0000000e+00   2.8065259e-03   0.0000000e+00   1.2817865e-04   0.0000000e+00   0.0000000e+00   0.0000000e+00   5.6827516e-03   0.0000000e+00   5.4288841e-03   0.0000000e+00   3.1014698e-02   0.0000000e+00   5.3113195e-03   1.5008771e-04   7.1038786e-04   0.0000000e+00   1.0282632e-03   0.0000000e+00   0.0000000e+00   0.0000000e+00   0.0000000e+00   0.0000000e+00   0.0000000e+00   0.0000000e+00   0.0000000e+00   0.0000000e+00   0.0000000e+00   0.0000000e+00   0.0000000e+00   0.0000000e+00   0.0000000e+00   0.0000000e+00   0.0000000e+00   0.0000000e+00   0.0000000e+00   0.0000000e+00   0.0000000e+00   0.0000000e+00
   5.0491510e-03   0.0000000e+00   1.0293053e-02   0.0000000e+00   3.0696125e-03   0.0000000e+00   0.0000000e+00   0.0000000e+00   4.6765069e-04   0.0000000e+00   1.7512469e-03   0.0000000e+00   0.0000000e+00   4.2903682e-03   1.6695041e-04   1.5274293e-04   1.2997116e-03   0.0000000e+00   0.0000000e+00   0.0000000e+00   0.0000000e+00   0.0000000e+00   0.0000000e+00   0.0000000e+00   0.0000000e+00   0.0000000e+00   0.0000000e+00   0.0000000e+00   0.0000000e+00   0.0000000e+00   0.0000000e+00   0.0000000e+00   0.0000000e+00   0.0000000e+00   0.0000000e+00   0.0000000e+00   0.0000000e+00   0.0000000e+00   0.0000000e+00   0.0000000e+00   0.0000000e+00   0.0000000e+00   0.0000000e+00   0.0000000e+00   0.0000000e+00   0.0000000e+00   0.0000000e+00   0.0000000e+00   0.0000000e+00   0.0000000e+00   0.0000000e+00   0.0000000e+00   0.0000000e+00   0.0000000e+00   0.0000000e+00   0.0000000e+00   0.0000000e+00   0.0000000e+00   0.0000000e+00   0.0000000e+00   0.0000000e+00   0.0000000e+00   8.8135747e-03   4.5257338e-03   0.0000000e+00   0.0000000e+00   4.7851473e-03   2.8678902e-03   2.4567834e-03   2.3930585e-04   0.0000000e+00   0.0000000e+00   0.0000000e+00   0.0000000e+00   0.0000000e+00   0.0000000e+00   0.0000000e+00   0.0000000e+00   5.4378621e-04   0.0000000e+00   0.0000000e+00   0.0000000e+00   0.0000000e+00   0.0000000e+00   0.0000000e+00   0.0000000e+00   0.0000000e+00   0.0000000e+00   0.0000000e+00   0.0000000e+00   0.0000000e+00   0.0000000e+00   0.0000000e+00   0.0000000e+00   0.0000000e+00   0.0000000e+00   0.0000000e+00   0.0000000e+00   0.0000000e+00   0.0000000e+00   0.0000000e+00   0.0000000e+00   0.0000000e+00   0.0000000e+00   0.0000000e+00   0.0000000e+00   0.0000000e+00   0.0000000e+00   0.0000000e+00   0.0000000e+00
   4.9315649e-03   0.0000000e+00   7.6224522e-04   2.4700722e-03   0.0000000e+00   0.0000000e+00   0.0000000e+00   0.0000000e+00   1.8698984e-02   1.7785090e-03   5.8067178e-03   1.4246165e-03   2.0584133e-03   1.6178266e-04   0.0000000e+00   8.3111139e-04   0.0000000e+00   0.0000000e+00   0.0000000e+00   2.8153375e-03   0.0000000e+00   0.0000000e+00   0.0000000e+00   7.1828393e-04   0.0000000e+00   6.9493859e-04   0.0000000e+00   6.3951872e-03   0.0000000e+00   9.1324971e-04   0.0000000e+00   0.0000000e+00   0.0000000e+00   0.0000000e+00   0.0000000e+00   0.0000000e+00   0.0000000e+00   0.0000000e+00   0.0000000e+00   0.0000000e+00   0.0000000e+00   0.0000000e+00   0.0000000e+00   0.0000000e+00   0.0000000e+00   0.0000000e+00   2.4814460e-03   1.2667202e-02   1.6827826e-03   4.6823998e-04   0.0000000e+00   0.0000000e+00   0.0000000e+00   0.0000000e+00   0.0000000e+00   0.0000000e+00   5.8981042e-04   0.0000000e+00   0.0000000e+00   0.0000000e+00   0.0000000e+00   2.0576935e-03   0.0000000e+00   0.0000000e+00   1.2191345e-03   8.8881016e-04   0.0000000e+00   0.0000000e+00   0.0000000e+00   0.0000000e+00   0.0000000e+00   0.0000000e+00   0.0000000e+00   8.0184274e-04   5.0297514e-03   5.6417760e-03   0.0000000e+00   0.0000000e+00   0.0000000e+00   2.1024720e-04   0.0000000e+00   1.7538904e-03   0.0000000e+00   0.0000000e+00   3.4298617e-04   3.1852903e-03   0.0000000e+00   0.0000000e+00   0.0000000e+00   0.0000000e+00   0.0000000e+00   0.0000000e+00   0.0000000e+00   0.0000000e+00   0.0000000e+00   8.8949948e-04   0.0000000e+00   0.0000000e+00   0.0000000e+00   0.0000000e+00   0.0000000e+00   0.0000000e+00   0.0000000e+00   0.0000000e+00   0.0000000e+00   0.0000000e+00   0.0000000e+00   0.0000000e+00   0.0000000e+00   0.0000000e+00
   5.1569026e-04   1.0735146e-03   1.9178347e-03   7.9995905e-04   0.0000000e+00   0.0000000e+00   4.6765069e-04   1.8698984e-02   0.0000000e+00   1.3344993e-03   4.5934580e-03   0.0000000e+00   0.0000000e+00   1.3212692e-03   6.3117628e-04   1.2248690e-03   0.0000000e+00   0.0000000e+00   0.0000000e+00   0.0000000e+00   0.0000000e+00   0.0000000e+00   0.0000000e+00   0.0000000e+00   0.0000000e+00   0.0000000e+00   0.0000000e+00   2.0051493e-04   0.0000000e+00   0.0000000e+00   0.0000000e+00   0.0000000e+00   0.0000000e+00   0.0000000e+00   0.0000000e+00   0.0000000e+00   0.0000000e+00   0.0000000e+00   0.0000000e+00   0.0000000e+00   0.0000000e+00   0.0000000e+00   0.0000000e+00   0.0000000e+00   0.0000000e+00   0.0000000e+00   0.0000000e+00   2.8078317e-04   0.0000000e+00   0.0000000e+00   0.0000000e+00   0.0000000e+00   0.0000000e+00   0.0000000e+00   0.0000000e+00   0.0000000e+00   0.0000000e+00   0.0000000e+00   0.0000000e+00   0.0000000e+00   0.0000000e+00   0.0000000e+00   1.0189536e-02   7.3631631e-03   0.0000000e+00   0.0000000e+00   3.0094223e-03   6.7551322e-04   2.8387172e-03   8.0597788e-04   6.9624432e-04   3.0755662e-04   0.0000000e+00   0.0000000e+00   0.0000000e+00   0.0000000e+00   0.0000000e+00   0.0000000e+00   0.0000000e+00   0.0000000e+00   0.0000000e+00   0.0000000e+00   0.0000000e+00   0.0000000e+00   0.0000000e+00   1.3723412e-04   0.0000000e+00   0.0000000e+00   0.0000000e+00   0.0000000e+00   0.0000000e+00   0.0000000e+00   0.0000000e+00   0.0000000e+00   0.0000000e+00   0.0000000e+00   0.0000000e+00   0.0000000e+00   0.0000000e+00   0.0000000e+00   0.0000000e+00   0.0000000e+00   0.0000000e+00   0.0000000e+00   0.0000000e+00   0.0000000e+00   0.0000000e+00   0.0000000e+00   0.0000000e+00   0.0000000e+00
   7.6350809e-04   0.0000000e+00   2.0412370e-03   0.0000000e+00   0.0000000e+00   0.0000000e+00   0.0000000e+00   1.7785090e-03   1.3344993e-03   0.0000000e+00   6.7307098e-03   3.2586637e-03   9.0855573e-04   6.3628118e-03   1.6784359e-03   5.2675825e-03   0.0000000e+00   1.4313689e-03   0.0000000e+00   3.7898033e-03   0.0000000e+00   0.0000000e+00   0.0000000e+00   2.8828333e-03   0.0000000e+00   2.5804387e-03   0.0000000e+00   1.6624042e-03   0.0000000e+00   8.7208086e-04   0.0000000e+00   0.0000000e+00   0.0000000e+00   2.3051961e-04   0.0000000e+00   0.0000000e+00   0.0000000e+00   0.0000000e+00   0.0000000e+00   2.3998265e-04   0.0000000e+00   0.0000000e+00   0.0000000e+00   0.0000000e+00   0.0000000e+00   0.0000000e+00   0.0000000e+00   4.9542359e-03   0.0000000e+00   1.3959733e-02   0.0000000e+00   0.0000000e+00   0.0000000e+00   4.1416533e-04   0.0000000e+00   0.0000000e+00   0.0000000e+00   2.3658135e-03   0.0000000e+00   0.0000000e+00   0.0000000e+00   0.0000000e+00   6.1652776e-03   2.4381380e-03   0.0000000e+00   3.0218142e-04   5.7206884e-04   5.7376484e-03   1.6116412e-03   5.1271256e-04   0.0000000e+00   0.0000000e+00   0.0000000e+00   9.0188409e-04   2.7842190e-04   3.1719262e-03   0.0000000e+00   0.0000000e+00   0.0000000e+00   5.4080091e-03   0.0000000e+00   0.0000000e+00   0.0000000e+00   0.0000000e+00   0.0000000e+00   8.2704178e-04   0.0000000e+00   0.0000000e+00   0.0000000e+00   0.0000000e+00   0.0000000e+00   0.0000000e+00   0.0000000e+00   0.0000000e+00   0.0000000e+00   1.0052970e-02   0.0000000e+00   2.6098773e-04   0.0000000e+00   2.0172428e-03   0.0000000e+00   0.0000000e+00   0.0000000e+00   0.0000000e+00   0.0000000e+00   3.2447020e-03   0.0000000e+00   0.0000000e+00   0.0000000e+00   0.0000000e+00
   6.5057372e-04   0.0000000e+00   4.8408658e-03   2.1772696e-03   1.2904944e-03   2.4469310e-03   1.7512469e-03   5.8067178e-03   4.5934580e-03   6.7307098e-03   0.0000000e+00   1.3796403e-03   0.0000000e+00   1.7193811e-03   0.0000000e+00   1.2620321e-03   4.6426315e-04   0.0000000e+00   0.0000000e+00   9.0494533e-03   0.0000000e+00   0.0000000e+00   0.0000000e+00   3.9882922e-03   0.0000000e+00   3.7762666e-03   0.0000000e+00   3.4013606e-03   0.0000000e+00   0.0000000e+00   0.0000000e+00   0.0000000e+00   0.0000000e+00   0.0000000e+00   0.0000000e+00   0.0000000e+00   0.0000000e+00   0.0000000e+00   0.0000000e+00   0.0000000e+00   0.0000000e+00   0.0000000e+00   0.0000000e+00   0.0000000e+00   0.0000000e+00   0.0000000e+00   0.0000000e+00   1.7552221e-02   0.0000000e+00   3.7102704e-02   0.0000000e+00   0.0000000e+00   0.0000000e+00   0.0000000e+00   0.0000000e+00   0.0000000e+00   0.0000000e+00   4.2160428e-03   0.0000000e+00   0.0000000e+00   0.0000000e+00   0.0000000e+00   0.0000000e+00   0.0000000e+00   0.0000000e+00   0.0000000e+00   0.0000000e+00   0.0000000e+00   0.0000000e+00   3.6157490e-04   0.0000000e+00   0.0000000e+00   0.0000000e+00   0.0000000e+00   6.0323529e-04   5.5853047e-03   0.0000000e+00   0.0000000e+00   3.8503535e-04   0.0000000e+00   0.0000000e+00   0.0000000e+00   0.0000000e+00   0.0000000e+00   0.0000000e+00   0.0000000e+00   0.0000000e+00   0.0000000e+00   0.0000000e+00   0.0000000e+00   0.0000000e+00   0.0000000e+00   0.0000000e+00   0.0000000e+00   0.0000000e+00   5.8799538e-03   0.0000000e+00   0.0000000e+00   0.0000000e+00   0.0000000e+00   0.0000000e+00   0.0000000e+00   0.0000000e+00   0.0000000e+00   0.0000000e+00   0.0000000e+00   0.0000000e+00   0.0000000e+00   0.0000000e+00   0.0000000e+00
   3.0539625e-04   0.0000000e+00   0.0000000e+00   0.0000000e+00   0.0000000e+00   0.0000000e+00   0.0000000e+00   1.4246165e-03   0.0000000e+00   3.2586637e-03   1.3796403e-03   0.0000000e+00   1.2920489e-02   0.0000000e+00   0.0000000e+00   0.0000000e+00   0.0000000e+00   1.6583522e-03   0.0000000e+00   0.0000000e+00   0.0000000e+00   0.0000000e+00   0.0000000e+00   0.0000000e+00   0.0000000e+00   0.0000000e+00   0.0000000e+00   0.0000000e+00   0.0000000e+00   1.4074928e-02   0.0000000e+00   0.0000000e+00   0.0000000e+00   0.0000000e+00   0.0000000e+00   0.0000000e+00   0.0000000e+00   0.0000000e+00   0.0000000e+00   0.0000000e+00   0.0000000e+00   0.0000000e+00   0.0000000e+00   1.1818536e-04   0.0000000e+00   0.0000000e+00   0.0000000e+00   0.0000000e+00   0.0000000e+00   0.0000000e+00   0.0000000e+00   0.0000000e+00   0.0000000e+00   0.0000000e+00   0.0000000e+00   0.0000000e+00   0.0000000e+00   0.0000000e+00   0.0000000e+00   1.5695791e-04   0.0000000e+00   4.4363411e-04   0.0000000e+00   0.0000000e+00   0.0000000e+00   0.0000000e+00   0.0000000e+00   0.0000000e+00   0.0000000e+00   0.0000000e+00   0.0000000e+00   0.0000000e+00   0.0000000e+00   8.1913109e-03   0.0000000e+00   1.9402697e-03   0.0000000e+00   0.0000000e+00   0.0000000e+00   3.0271439e-03   0.0000000e+00   1.6641222e-02   1.5464945e-03   2.5058464e-02   0.0000000e+00   1.5287762e-02   0.0000000e+00   5.4467359e-03   0.0000000e+00   3.3362164e-03   0.0000000e+00   2.2964622e-03   0.0000000e+00   1.1033396e-03   0.0000000e+00   1.0346870e-03   0.0000000e+00   0.0000000e+00   0.0000000e+00   0.0000000e+00   0.0000000e+00   9.7825725e-04   0.0000000e+00   0.0000000e+00   0.0000000e+00   0.0000000e+00   0.0000000e+00   0.0000000e+00   0.0000000e+00   0.0000000e+00
   0.0000000e+00   0.0000000e+00   1.2903613e-03   0.0000000e+00   6.6838133e-04   2.1714283e-04   0.0000000e+00   2.0584133e-03   0.0000000e+00   9.0855573e-04   0.0000000e+00   1.2920489e-02   0.0000000e+00   1.4313236e-03   0.0000000e+00   0.0000000e+00   0.0000000e+00   1.4193954e-03   0.0000000e+00   0.0000000e+00   0.0000000e+00   0.0000000e+00   0.0000000e+00   8.1733645e-04   0.0000000e+00   0.0000000e+00   0.0000000e+00   0.0000000e+00   0.0000000e+00   7.3361952e-03   0.0000000e+00   0.0000000e+00   0.0000000e+00   0.0000000e+00   0.0000000e+00   0.0000000e+00   0.0000000e+00   0.0000000e+00   0.0000000e+00   0.0000000e+00   0.0000000e+00   0.0000000e+00   0.0000000e+00   0.0000000e+00   0.0000000e+00   0.0000000e+00   0.0000000e+00   0.0000000e+00   0.0000000e+00   0.0000000e+00   0.0000000e+00   0.0000000e+00   0.0000000e+00   0.0000000e+00   0.0000000e+00   0.0000000e+00   0.0000000e+00   0.0000000e+00   0.0000000e+00   0.0000000e+00   0.0000000e+00   0.0000000e+00   0.0000000e+00   0.0000000e+00   0.0000000e+00   0.0000000e+00   5.3885900e-04   0.0000000e+00   0.0000000e+00   0.0000000e+00   0.0000000e+00   0.0000000e+00   0.0000000e+00   1.1276999e-02   0.0000000e+00   3.9652313e-04   0.0000000e+00   0.0000000e+00   0.0000000e+00   3.2314307e-03   5.9010108e-04   9.4511004e-03   1.0676064e-03   2.3488731e-02   1.1801944e-04   1.4313426e-02   0.0000000e+00   0.0000000e+00   0.0000000e+00   0.0000000e+00   0.0000000e+00   0.0000000e+00   1.5501417e-04   0.0000000e+00   0.0000000e+00   2.0710829e-03   0.0000000e+00   0.0000000e+00   0.0000000e+00   0.0000000e+00   0.0000000e+00   0.0000000e+00   0.0000000e+00   0.0000000e+00   0.0000000e+00   0.0000000e+00   0.0000000e+00   0.0000000e+00   8.8311101e-05   0.0000000e+00
   0.0000000e+00   5.3992468e-04   1.9025307e-03   0.0000000e+00   0.0000000e+00   0.0000000e+00   4.2903682e-03   1.6178266e-04   1.3212692e-03   6.3628118e-03   1.7193811e-03   0.0000000e+00   1.4313236e-03   0.0000000e+00   0.0000000e+00   1.1285198e-04   0.0000000e+00   0.0000000e+00   0.0000000e+00   0.0000000e+00   0.0000000e+00   0.0000000e+00   0.0000000e+00   0.0000000e+00   0.0000000e+00   0.0000000e+00   0.0000000e+00   0.0000000e+00   0.0000000e+00   5.2627474e-04   0.0000000e+00   0.0000000e+00   0.0000000e+00   0.0000000e+00   0.0000000e+00   0.0000000e+00   0.0000000e+00   0.0000000e+00   0.0000000e+00   0.0000000e+00   0.0000000e+00   0.0000000e+00   0.0000000e+00   0.0000000e+00   0.0000000e+00   0.0000000e+00   0.0000000e+00   0.0000000e+00   0.0000000e+00   0.0000000e+00   0.0000000e+00   0.0000000e+00   0.0000000e+00   0.0000000e+00   0.0000000e+00   0.0000000e+00   0.0000000e+00   0.0000000e+00   0.0000000e+00   0.0000000e+00   0.0000000e+00   0.0000000e+00   1.7743179e-03   2.8454656e-03   0.0000000e+00   0.0000000e+00   9.8629244e-03   1.0672033e-02   0.0000000e+00   9.0869596e-04   0.0000000e+00   6.7943991e-04   0.0000000e+00   0.0000000e+00   0.0000000e+00   0.0000000e+00   0.0000000e+00   0.0000000e+00   0.0000000e+00   8.6515000e-04   0.0000000e+00   0.0000000e+00   0.0000000e+00   0.0000000e+00   0.0000000e+00   0.0000000e+00   0.0000000e+00   0.0000000e+00   0.0000000e+00   0.0000000e+00   0.0000000e+00   0.0000000e+00   0.0000000e+00   0.0000000e+00   0.0000000e+00   0.0000000e+00   0.0000000e+00   0.0000000e+00   0.0000000e+00   0.0000000e+00   0.0000000e+00   0.0000000e+00   0.0000000e+00   0.0000000e+00   0.0000000e+00   0.0000000e+00   0.0000000e+00   0.0000000e+00   0.0000000e+00   0.0000000e+00
   6.4427991e-03   3.3995732e-03   3.8230967e-03   1.6657649e-03   0.0000000e+00   0.0000000e+00   1.6695041e-04   0.0000000e+00   6.3117628e-04   1.6784359e-03   0.0000000e+00   0.0000000e+00   0.0000000e+00   0.0000000e+00   0.0000000e+00   1.1948108e-03   3.6562894e-04   0.0000000e+00   5.2303387e-03   6.2051388e-04   1.1053963e-02   0.0000000e+00   2.5999034e-03   0.0000000e+00   3.2899384e-04   0.0000000e+00   0.0000000e+00   0.0000000e+00   6.3932837e-04   0.0000000e+00   0.0000000e+00   0.0000000e+00   0.0000000e+00   0.0000000e+00   0.0000000e+00   0.0000000e+00   0.0000000e+00   0.0000000e+00   0.0000000e+00   0.0000000e+00   0.0000000e+00   0.0000000e+00   0.0000000e+00   0.0000000e+00   0.0000000e+00   0.0000000e+00   4.8278832e-05   0.0000000e+00   0.0000000e+00   0.0000000e+00   0.0000000e+00   0.0000000e+00   0.0000000e+00   0.0000000e+00   0.0000000e+00   0.0000000e+00   1.8932065e-04   0.0000000e+00   2.0676554e-04   0.0000000e+00   8.0888598e-05   0.0000000e+00   9.0880101e-04   9.1369807e-04   0.0000000e+00   0.0000000e+00   0.0000000e+00   0.0000000e+00   1.2365079e-03   1.1319306e-03   2.3895030e-04   0.0000000e+00   0.0000000e+00   0.0000000e+00   1.1362020e-04   0.0000000e+00   0.0000000e+00   0.0000000e+00   6.0155935e-03   8.6253960e-05   0.0000000e+00   0.0000000e+00   0.0000000e+00   0.0000000e+00   6.3705369e-05   0.0000000e+00   0.0000000e+00   0.0000000e+00   0.0000000e+00   0.0000000e+00   0.0000000e+00   0.0000000e+00   0.0000000e+00   0.0000000e+00   0.0000000e+00   0.0000000e+00   0.0000000e+00   0.0000000e+00   0.0000000e+00   0.0000000e+00   6.3529767e-04   0.0000000e+00   0.0000000e+00   0.0000000e+00   0.0000000e+00   0.0000000e+00   0.0000000e+00   0.0000000e+00   1.6263991e-04   0.0000000e+00
   0.0000000e+00   2.8005237e-04   9.1571487e-05   0.0000000e+00   0.0000000e+00   0.0000000e+00   1.5274293e-04   8.3111139e-04   1.2248690e-03   5.2675825e-03   1.2620321e-03   0.0000000e+00   0.0000000e+00   1.1285198e-04   1.1948108e-03   0.0000000e+00   0.0000000e+00   2.6408362e-04   3.3674118e-04   2.7513817e-03   0.0000000e+00   4.5378461e-03   0.0000000e+00   3.4574945e-03   0.0000000e+00   7.0123050e-04   0.0000000e+00   3.3640856e-05   0.0000000e+00   1.5603295e-03   0.0000000e+00   0.0000000e+00   0.0000000e+00   0.0000000e+00   0.0000000e+00   0.0000000e+00   0.0000000e+00   0.0000000e+00   0.0000000e+00   0.0000000e+00   0.0000000e+00   0.0000000e+00   0.0000000e+00   0.0000000e+00   0.0000000e+00   0.0000000e+00   0.0000000e+00   0.0000000e+00   0.0000000e+00   0.0000000e+00   0.0000000e+00   0.0000000e+00   0.0000000e+00   0.0000000e+00   0.0000000e+00   0.0000000e+00   0.0000000e+00   6.8810291e-05   0.0000000e+00   0.0000000e+00   0.0000000e+00   0.0000000e+00   2.7642052e-03   8.5991363e-04   0.0000000e+00   0.0000000e+00   8.8732691e-05   7.2974903e-04   2.8719371e-03   1.4252212e-03   0.0000000e+00   1.1702716e-04   0.0000000e+00   0.0000000e+00   0.0000000e+00   5.6251321e-05   0.0000000e+00   0.0000000e+00   9.8260699e-05   4.6462258e-03   0.0000000e+00   0.0000000e+00   0.0000000e+00   0.0000000e+00   0.0000000e+00   6.3540610e-05   0.0000000e+00   0.0000000e+00   0.0000000e+00   0.0000000e+00   0.0000000e+00   0.0000000e+00   0.0000000e+00   0.0000000e+00   0.0000000e+00   6.0622377e-04   0.0000000e+00   0.0000000e+00   0.0000000e+00   0.0000000e+00   0.0000000e+00   1.3896631e-04   0.0000000e+00   0.0000000e+00   0.0000000e+00   0.0000000e+00   0.0000000e+00   0.0000000e+00   0.0000000e+00   0.0000000e+00
   0.0000000e+00   0.0000000e+00   7.8459558e-03   3.2174121e-04   7.9786481e-04   1.2182879e-03   1.2997116e-03   0.0000000e+00   0.0000000e+00   0.0000000e+00   4.6426315e-04   0.0000000e+00   0.0000000e+00   0.0000000e+00   3.6562894e-04   0.0000000e+00   0.0000000e+00   0.0000000e+00   0.0000000e+00   0.0000000e+00   7.7325102e-04   0.0000000e+00   4.5630088e-03   0.0000000e+00   6.3186728e-03   0.0000000e+00   6.4308993e-04   0.0000000e+00   3.4698218e-03   0.0000000e+00   0.0000000e+00   0.0000000e+00   0.0000000e+00   0.0000000e+00   0.0000000e+00   0.0000000e+00   0.0000000e+00   0.0000000e+00   0.0000000e+00   0.0000000e+00   0.0000000e+00   0.0000000e+00   0.0000000e+00   0.0000000e+00   0.0000000e+00   0.0000000e+00   0.0000000e+00   8.1380501e-04   0.0000000e+00   1.2563958e-03   0.0000000e+00   0.0000000e+00   0.0000000e+00   0.0000000e+00   4.8754313e-04   0.0000000e+00   0.0000000e+00   0.0000000e+00   5.3173816e-03   0.0000000e+00   1.4694694e-03   0.0000000e+00   3.2582624e-04   0.0000000e+00   0.0000000e+00   0.0000000e+00   9.1336810e-04   2.1766220e-04   0.0000000e+00   0.0000000e+00   0.0000000e+00   0.0000000e+00   0.0000000e+00   0.0000000e+00   0.0000000e+00   0.0000000e+00   0.0000000e+00   0.0000000e+00   9.5199995e-03   0.0000000e+00   0.0000000e+00   0.0000000e+00   0.0000000e+00   0.0000000e+00   1.7858216e-03   0.0000000e+00   0.0000000e+00   0.0000000e+00   0.0000000e+00   0.0000000e+00   0.0000000e+00   0.0000000e+00   4.3355226e-03   0.0000000e+00   1.9554201e-02   0.0000000e+00   1.4184954e-02   0.0000000e+00   2.3616586e-03   0.0000000e+00   6.3880168e-03   0.0000000e+00   4.8401363e-03   0.0000000e+00   3.8134723e-03   0.0000000e+00   0.0000000e+00   0.0000000e+00   1.1351723e-03   0.0000000e+00
   0.0000000e+00   0.0000000e+00   0.0000000e+00   0.0000000e+00   7.0383782e-04   0.0000000e+00   0.0000000e+00   0.0000000e+00   0.0000000e+00   1.4313689e-03   0.0000000e+00   1.6583522e-03   1.4193954e-03   0.0000000e+00   0.0000000e+00   2.6408362e-04   0.0000000e+00   0.0000000e+00   0.0000000e+00   7.3331409e-04   0.0000000e+00   0.0000000e+00   0.0000000e+00   4.8018248e-03   0.0000000e+00   7.3033337e-04   0.0000000e+00   5.3252528e-04   0.0000000e+00   7.3869811e-03   0.0000000e+00   0.0000000e+00   0.0000000e+00   0.0000000e+00   0.0000000e+00   0.0000000e+00   0.0000000e+00   0.0000000e+00   0.0000000e+00   0.0000000e+00   0.0000000e+00   0.0000000e+00   0.0000000e+00   0.0000000e+00   0.0000000e+00   2.0853063e-03   0.0000000e+00   1.6366938e-04   0.0000000e+00   0.0000000e+00   0.0000000e+00   0.0000000e+00   0.0000000e+00   0.0000000e+00   0.0000000e+00   0.0000000e+00   1.8393820e-03   0.0000000e+00   2.0522418e-04   6.2933395e-04   3.9814770e-04   1.0991659e-02   0.0000000e+00   0.0000000e+00   0.0000000e+00   0.0000000e+00   0.0000000e+00   0.0000000e+00   0.0000000e+00   0.0000000e+00   0.0000000e+00   0.0000000e+00   0.0000000e+00   0.0000000e+00   4.1700285e-03   9.1354152e-04   9.7706817e-04   0.0000000e+00   0.0000000e+00   2.1976366e-02   0.0000000e+00   4.4173205e-04   0.0000000e+00   0.0000000e+00   0.0000000e+00   1.1530841e-02   0.0000000e+00   0.0000000e+00   0.0000000e+00   0.0000000e+00   0.0000000e+00   2.2990663e-03   0.0000000e+00   3.3480626e-03   0.0000000e+00   2.4398364e-02   0.0000000e+00   1.1090737e-02   0.0000000e+00   9.6364069e-03   0.0000000e+00   4.3054920e-03   0.0000000e+00   5.1870977e-03   0.0000000e+00   2.2915408e-03   0.0000000e+00   0.0000000e+00   2.3980973e-03   1.4485734e-03
   8.1568600e-03   0.0000000e+00   8.3484814e-04   1.2525845e-03   0.0000000e+00   0.0000000e+00   0.0000000e+00   0.0000000e+00   0.0000000e+00   0.0000000e+00   0.0000000e+00   0.0000000e+00   0.0000000e+00   0.0000000e+00   5.2303387e-03   3.3674118e-04   0.0000000e+00   0.0000000e+00   0.0000000e+00   1.0725661e-02   5.4676765e-03   0.0000000e+00   0.0000000e+00   0.0000000e+00   0.0000000e+00   0.0000000e+00   4.1958745e-03   2.3789516e-03   0.0000000e+00   0.0000000e+00   0.0000000e+00   0.0000000e+00   0.0000000e+00   0.0000000e+00   0.0000000e+00   0.0000000e+00   0.0000000e+00   0.0000000e+00   0.0000000e+00   0.0000000e+00   0.0000000e+00   0.0000000e+00   0.0000000e+00   0.0000000e+00   0.0000000e+00   0.0000000e+00   5.9443403e-04   0.0000000e+00   0.0000000e+00   0.0000000e+00   0.0000000e+00   0.0000000e+00   0.0000000e+00   0.0000000e+00   0.0000000e+00   0.0000000e+00   0.0000000e+00   0.0000000e+00   0.0000000e+00   0.0000000e+00   0.0000000e+00   0.0000000e+00   0.0000000e+00   0.0000000e+00   3.9470706e-03   9.5175701e-03   0.0000000e+00   0.0000000e+00   4.7817187e-03   4.0672128e-03   1.6516069e-03   1.5071238e-04   0.0000000e+00   0.0000000e+00   0.0000000e+00   0.0000000e+00   0.0000000e+00   0.0000000e+00   0.0000000e+00   0.0000000e+00   0.0000000e+00   0.0000000e+00   0.0000000e+00   0.0000000e+00   0.0000000e+00   0.0000000e+00   0.0000000e+00   0.0000000e+00   0.0000000e+00   0.0000000e+00   0.0000000e+00   0.0000000e+00   0.0000000e+00   0.0000000e+00   0.0000000e+00   0.0000000e+00   0.0000000e+00   0.0000000e+00   0.0000000e+00   0.0000000e+00   0.0000000e+00   0.0000000e+00   0.0000000e+00   0.0000000e+00   0.0000000e+00   0.0000000e+00   0.0000000e+00   0.0000000e+00   0.0000000e+00   0.0000000e+00
   0.0000000e+00   4.2986139e-04   0.0000000e+00   3.9701502e-04   0.0000000e+00   0.0000000e+00   0.0000000e+00   2.8153375e-03   0.0000000e+00   3.7898033e-03   9.0494533e-03   0.0000000e+00   0.0000000e+00   0.0000000e+00   6.2051388e-04   2.7513817e-03   0.0000000e+00   7.3331409e-04   1.0725661e-02   0.0000000e+00   0.0000000e+00   1.1674203e-02   0.0000000e+00   0.0000000e+00   0.0000000e+00   3.3137571e-04   2.3130707e-03   3.5990421e-03   0.0000000e+00   0.0000000e+00   0.0000000e+00   0.0000000e+00   0.0000000e+00   0.0000000e+00   0.0000000e+00   0.0000000e+00   0.0000000e+00   0.0000000e+00   0.0000000e+00   0.0000000e+00   0.0000000e+00   0.0000000e+00   0.0000000e+00   0.0000000e+00   0.0000000e+00   0.0000000e+00   0.0000000e+00   5.7914462e-04   0.0000000e+00   0.0000000e+00   0.0000000e+00   0.0000000e+00   0.0000000e+00   0.0000000e+00   0.0000000e+00   0.0000000e+00   0.0000000e+00   0.0000000e+00   0.0000000e+00   0.0000000e+00   0.0000000e+00   0.0000000e+00   0.0000000e+00   0.0000000e+00   1.6199400e-02   2.4901215e-03   0.0000000e+00   0.0000000e+00   5.0462191e-03   1.9852696e-03   1.9072312e-03   9.8311406e-05   0.0000000e+00   0.0000000e+00   0.0000000e+00   0.0000000e+00   0.0000000e+00   0.0000000e+00   0.0000000e+00   0.0000000e+00   0.0000000e+00   0.0000000e+00   0.0000000e+00   0.0000000e+00   0.0000000e+00   0.0000000e+00   0.0000000e+00   0.0000000e+00   0.0000000e+00   0.0000000e+00   0.0000000e+00   0.0000000e+00   0.0000000e+00   0.0000000e+00   0.0000000e+00   0.0000000e+00   0.0000000e+00   0.0000000e+00   0.0000000e+00   0.0000000e+00   0.0000000e+00   0.0000000e+00   0.0000000e+00   0.0000000e+00   0.0000000e+00   0.0000000e+00   0.0000000e+00   0.0000000e+00   0.0000000e+00   0.0000000e+00
   1.0342872e-03   0.0000000e+00   1.1368692e-03   1.5726776e-03   0.0000000e+00   0.0000000e+00   0.0000000e+00   0.0000000e+00   0.0000000e+00   0.0000000e+00   0.0000000e+00   0.0000000e+00   0.0000000e+00   0.0000000e+00   1.1053963e-02   0.0000000e+00   7.7325102e-04   0.0000000e+00   5.4676765e-03   0.0000000e+00   0.0000000e+00   0.0000000e+00   3.8794813e-03   0.0000000e+00   3.3560554e-03   0.0000000e+00   9.3027635e-03   0.0000000e+00   0.0000000e+00   0.0000000e+00   0.0000000e+00   0.0000000e+00   0.0000000e+00   0.0000000e+00   0.0000000e+00   0.0000000e+00   0.0000000e+00   0.0000000e+00   0.0000000e+00   0.0000000e+00   0.0000000e+00   0.0000000e+00   0.0000000e+00   0.0000000e+00   0.0000000e+00   0.0000000e+00   1.8079217e-03   0.0000000e+00   0.0000000e+00   0.0000000e+00   1.0887763e-04   0.0000000e+00   0.0000000e+00   0.0000000e+00   0.0000000e+00   0.0000000e+00   0.0000000e+00   0.0000000e+00   0.0000000e+00   0.0000000e+00   0.0000000e+00   0.0000000e+00   0.0000000e+00   0.0000000e+00   0.0000000e+00   0.0000000e+00   0.0000000e+00   0.0000000e+00   0.0000000e+00   0.0000000e+00   0.0000000e+00   0.0000000e+00   0.0000000e+00   0.0000000e+00   0.0000000e+00   0.0000000e+00   0.0000000e+00   0.0000000e+00   0.0000000e+00   0.0000000e+00   0.0000000e+00   0.0000000e+00   0.0000000e+00   0.0000000e+00   0.0000000e+00   0.0000000e+00   0.0000000e+00   0.0000000e+00   0.0000000e+00   0.0000000e+00   0.0000000e+00   0.0000000e+00   0.0000000e+00   0.0000000e+00   8.2002270e-04   0.0000000e+00   6.8921479e-04   0.0000000e+00   1.2895698e-03   0.0000000e+00   0.0000000e+00   0.0000000e+00   0.0000000e+00   0.0000000e+00   9.1506679e-04   0.0000000e+00   0.0000000e+00   0.0000000e+00   0.0000000e+00   0.0000000e+00
   0.0000000e+00   0.0000000e+00   0.0000000e+00   0.0000000e+00   0.0000000e+00   0.0000000e+00   0.0000000e+00   0.0000000e+00   0.0000000e+00   0.0000000e+00   0.0000000e+00   0.0000000e+00   0.0000000e+00   0.0000000e+00   0.0000000e+00   4.5378461e-03   0.0000000e+00   0.0000000e+00   0.0000000e+00   1.1674203e-02   0.0000000e+00   0.0000000e+00   0.0000000e+00   1.3807667e-03   0.0000000e+00   3.8009856e-03   0.0000000e+00   1.1508133e-02   0.0000000e+00   0.0000000e+00   0.0000000e+00   0.0000000e+00   0.0000000e+00   0.0000000e+00   0.0000000e+00   0.0000000e+00   0.0000000e+00   0.0000000e+00   0.0000000e+00   0.0000000e+00   0.0000000e+00   0.0000000e+00   0.0000000e+00   0.0000000e+00   0.0000000e+00   0.0000000e+00   0.0000000e+00   1.0282427e-03   0.0000000e+00   0.0000000e+00   0.0000000e+00   0.0000000e+00   0.0000000e+00   0.0000000e+00   0.0000000e+00   0.0000000e+00   0.0000000e+00   0.0000000e+00   0.0000000e+00   0.0000000e+00   0.0000000e+00   0.0000000e+00   0.0000000e+00   0.0000000e+00   0.0000000e+00   0.0000000e+00   0.0000000e+00   0.0000000e+00   0.0000000e+00   0.0000000e+00   0.0000000e+00   0.0000000e+00   0.0000000e+00   0.0000000e+00   0.0000000e+00   0.0000000e+00   0.0000000e+00   0.0000000e+00   0.0000000e+00   0.0000000e+00   0.0000000e+00   0.0000000e+00   0.0000000e+00   0.0000000e+00   0.0000000e+00   0.0000000e+00   0.0000000e+00   0.0000000e+00   0.0000000e+00   0.0000000e+00   0.0000000e+00   0.0000000e+00   0.0000000e+00   0.0000000e+00   0.0000000e+00   0.0000000e+00   0.0000000e+00   0.0000000e+00   0.0000000e+00   0.0000000e+00   0.0000000e+00   0.0000000e+00   0.0000000e+00   0.0000000e+00   0.0000000e+00   0.0000000e+00   0.0000000e+00   0.0000000e+00   0.0000000e+00   0.0000000e+00
